 22  202   20-Jul-22  37  -0.05166  +0.771   +0.2710   +0.4282                   
 22  203   21-Jul-22  37  -0.05089  +0.933   +0.2726   +0.4263                   
 22  204   22-Jul-22  37  -0.04996  +1.092   +0.2741   +0.4245                   
 22  205   23-Jul-22  37  -0.04887  +1.265   +0.2757   +0.4227                   
 22  206   24-Jul-22  37  -0.04760  +1.403   +0.2770   +0.4209                   
 22  207   25-Jul-22  37  -0.04620  +1.451   +0.2785   +0.4193                   
 22  208   26-Jul-22  37  -0.04475  +1.491   +0.2799   +0.4180                   
 22  209   27-Jul-22  37  -0.04326  +1.463   +0.2810   +0.4161                   
 22  210   28-Jul-22  37  -0.04180  +1.367   +0.2823   +0.4142                   
 22  211   29-Jul-22  37  -0.04043  +1.219   +0.2833   +0.4118                   
 22  212   30-Jul-22  37  -0.03921  +1.024   +0.2846   +0.4094                   
 22  213   31-Jul-22  37  -0.03818  +0.796   +0.2860   +0.4073                   
 22  214   01-Aug-22  37  -0.03739  +0.605   +0.2872   +0.4052                   
 22  215   02-Aug-22  37  -0.03678  +0.505   +0.2879   +0.4033                   
 22  216   03-Aug-22  37  -0.03628  +0.465   +0.2885   +0.4010                   
 22  217   04-Aug-22  37  -0.03581  +0.488   +0.2895   +0.3987                   
 22  218   05-Aug-22  37  -0.03533  +0.595   +0.2906   +0.3966                   
 22  219   06-Aug-22  37  -0.03473  +0.787   +0.2911   +0.3942                   
 22  220   07-Aug-22  37  -0.03395  +0.973   +0.2915   +0.3917                   
 22  221   08-Aug-22  37  -0.03297  +1.080   +0.2923   +0.3891                   
 22  222   09-Aug-22  37  -0.03189  +1.083   +0.2932   +0.3862                   
 22  223   10-Aug-22  37  -0.03081  +0.951   +0.2938   +0.3832                   
 22  224   11-Aug-22  37  -0.02986  +0.719   +0.2945   +0.3803                   
 22  225   12-Aug-22  37  -0.02914  +0.508   +0.2951   +0.3778                   
 22  226   13-Aug-22  37  -0.02863  +0.332   +0.2955   +0.3757                   
 22  227   14-Aug-22  37  -0.02830  +0.328   +0.2963   +0.3736                   
 22  228   15-Aug-22  37  -0.02797  +0.330   +0.2975   +0.3713                   
 22  229   16-Aug-22  37  -0.02764  +0.553   +0.2986   +0.3691                   
 22  230   17-Aug-22  37  -0.02709  +0.735   +0.2993   +0.3667                   
 22  231   18-Aug-22  37  -0.02635  +1.006   +0.2999   +0.3644                   
 22  232   19-Aug-22  37  -0.02535  +1.158   +0.3008   +0.3620                   
 22  233   20-Aug-22  37  -0.02419  +1.361   +0.3022   +0.3598                   
 22  234   21-Aug-22  37  -0.02283  +1.434   +0.3030   +0.3575                   
 22  235   22-Aug-22  37  -0.02139  +1.409   +0.3038   +0.3549                   
 22  236   23-Aug-22  37  -0.01998  +1.322   +0.3045   +0.3525                   
 22  237   24-Aug-22  37  -0.01866  +1.258   +0.3049   +0.3499                   
 22  238   25-Aug-22  37  -0.01740  +1.119   +0.3052   +0.3475                   
 22  239   26-Aug-22  37  -0.01629  +0.937   +0.3054   +0.3449                   
 22  240   27-Aug-22  37  -0.01535  +0.735   +0.3053   +0.3423                   
 22  241   28-Aug-22  37  -0.01461  +0.517   +0.3050   +0.3399                   
 22  242   29-Aug-22  37  -0.01410  +0.313   +0.3046   +0.3374                   
 22  243   30-Aug-22  37  -0.01378  +0.174   +0.3045   +0.3350                   
 22  244   31-Aug-22  37  -0.01361  +0.126   +0.3046   +0.3328                   
 22  245   01-Sep-22  37  -0.01348  +0.234   +0.3048   +0.3304                   
 22  246   02-Sep-22  37  -0.01325  +0.367   +0.3045   +0.3277                   
 22  247   03-Sep-22  37  -0.01288  +0.508   +0.3042   +0.3250                   
 22  248   04-Sep-22  37  -0.01237  +0.654   +0.3041   +0.3228                   
 22  249   05-Sep-22  37  -0.01172  +0.701   +0.3038   +0.3205                   
 22  250   06-Sep-22  37  -0.01102  +0.645   +0.3032   +0.3180                   
 22  251   07-Sep-22  37  -0.01037  +0.379   +0.3027   +0.3150                   
 22  252   08-Sep-22  37  -0.01000  +0.191   +0.3018   +0.3118                   
 22  253   09-Sep-22  37  -0.00980  -0.090   +0.3003   +0.3087                   
 22  254   10-Sep-22  37  -0.00989  -0.305   +0.2991   +0.3057                   
 22  255   11-Sep-22  37  -0.01020  -0.367   +0.2985   +0.3028                   
 22  256   12-Sep-22  37  -0.01057  -0.302   +0.2982   +0.3003                   
 22  257   13-Sep-22  37  -0.01087  -0.136   +0.2975   +0.2979                   
 22  258   14-Sep-22  37  -0.01100  +0.098   +0.2970   +0.2958                   
 22  259   15-Sep-22  37  -0.01091  +0.362   +0.2963   +0.2939                   
 22  260   16-Sep-22  37  -0.01055  +0.549   +0.2956   +0.2917                   
 22  261   17-Sep-22  37  -0.01000  +0.746   +0.2948   +0.2896                   
 22  262   18-Sep-22  37  -0.00925  +0.837   +0.2936   +0.2878                   
 22  263   19-Sep-22  37  -0.00841  +0.857   +0.2922   +0.2859                   
 22  264   20-Sep-22  37  -0.00756  +0.861   +0.2913   +0.2835                   
 22  265   21-Sep-22  37  -0.00670  +0.698   +0.2907   +0.2811                   
 22  266   22-Sep-22  37  -0.00600  +0.550   +0.2898   +0.2784                   
 22  267   23-Sep-22  37  -0.00545  +0.346   +0.2887   +0.2755                   
 22  268   24-Sep-22  37  -0.00510  +0.137   +0.2872   +0.2729                   
 22  269   25-Sep-22  37  -0.00496  -0.016   +0.2859   +0.2704                   
 22  270   26-Sep-22  37  -0.00498  -0.122   +0.2851   +0.2681                   
 22  271   27-Sep-22  37  -0.00510  -0.200   +0.2847   +0.2664                   
 22  272   28-Sep-22  37  -0.00530  -0.117   +0.2839   +0.2650                   
 22  273   29-Sep-22  37  -0.00542  +0.079   +0.2829   +0.2633                   
 22  274   30-Sep-22  37  -0.00534  +0.435   +0.2823   +0.2615                   
 22  275   01-Oct-22  37  -0.00490  +0.518   +0.2814   +0.2597                   
 22  276   02-Oct-22  37  -0.00439  +0.372   +0.2801   +0.2579                   
 22  277   03-Oct-22  37  -0.00401  +0.456   +0.2785   +0.2557                   
 22  278   04-Oct-22  37  -0.00356  +0.331   +0.2766   +0.2535                   
 22  279   05-Oct-22  37  -0.00323  +0.146   +0.2744   +0.2515                   
 22  280   06-Oct-22  37  -0.00308  -0.099   +0.2724   +0.2493                   
 22  281   07-Oct-22  37  -0.00318  -0.353   +0.2709   +0.2467                   
 22  282   08-Oct-22  37  -0.00353  -0.529   +0.2695   +0.2443                   
 22  283   09-Oct-22  37  -0.00406  -0.591   +0.2674   +0.2422                   
 22  284   10-Oct-22  37  -0.00465  -0.515   +0.2652   +0.2400                   
 22  285   11-Oct-22  37  -0.00517  -0.332   +0.2637   +0.2379                   
 22  286   12-Oct-22  37  -0.00550  -0.071   +0.2620   +0.2357                   
 22  287   13-Oct-22  37  -0.00557  +0.136   +0.2600   +0.2337                   
 22  288   14-Oct-22  37  -0.00544  +0.249   +0.2569   +0.2321                   
 22  289   15-Oct-22  37  -0.00519  +0.278   +0.2541   +0.2304                   
 22  290   16-Oct-22  37  -0.00491  +0.232   +0.2512   +0.2289                   
 22  291   17-Oct-22  37  -0.00468  +0.112   +0.2481   +0.2273                   
 22  292   18-Oct-22  37  -0.00457  -0.015   +0.2451   +0.2252                   
 22  293   19-Oct-22  37  -0.00458  -0.183   +0.2430   +0.2229                   
 22  294   20-Oct-22  37  -0.00476  -0.379   +0.2408   +0.2212                   
 22  295   21-Oct-22  37  -0.00514  -0.581   +0.2377   +0.2193                   
 22  296   22-Oct-22  37  -0.00572  -0.774   +0.2346   +0.2175                   
 22  297   23-Oct-22  37  -0.00650  -0.935   +0.2319   +0.2160                   
 22  298   24-Oct-22  37  -0.00743  -0.978   +0.2300   +0.2146                   
 22  299   25-Oct-22  37  -0.00841  -0.847   +0.2281   +0.2132                   
 22  300   26-Oct-22  37  -0.00926  -0.627   +0.2261   +0.2117                   
 22  301   27-Oct-22  37  -0.00989  -0.392   +0.2238   +0.2104                   
 22  302   28-Oct-22  37  -0.01028  -0.118   +0.2208   +0.2088                   
 22  303   29-Oct-22  37  -0.01040  +0.086   +0.2177   +0.2074                   
 22  304   30-Oct-22  37  -0.01031  +0.117   +0.2145   +0.2062                   
 22  305   31-Oct-22  37  -0.01019  +0.015   +0.2113   +0.2052                   
 22  306   01-Nov-22  37  -0.01018  -0.229   +0.2085   +0.2042                   
 22  307   02-Nov-22  37  -0.01041  -0.546   +0.2062   +0.2035                   
 22  308   03-Nov-22  37  -0.01095  -0.861   +0.2038   +0.2024                   
 22  309   04-Nov-22  37  -0.01181  -1.004   +0.2015   +0.2014                   
 22  310   05-Nov-22  37  -0.01282  -1.018   +0.1994   +0.2007                   
 22  311   06-Nov-22  37  -0.01383  -0.892   +0.1979   +0.1998                   
 22  312   07-Nov-22  37  -0.01473  -0.719   +0.1964   +0.1990                   
 22  313   08-Nov-22  37  -0.01545  -0.522   +0.1946   +0.1984                   
 22  314   09-Nov-22  37  -0.01597  -0.262   +0.1927   +0.1976                   
 22  315   10-Nov-22  37  -0.01623  -0.022   +0.1904   +0.1967                   
 22  316   11-Nov-22  37  -0.01625  +0.168   +0.1878   +0.1959                   
 22  317   12-Nov-22  37  -0.01608  +0.269   +0.1854   +0.1951                   
 22  318   13-Nov-22  37  -0.01582  +0.271   +0.1832   +0.1940                   
 22  319   14-Nov-22  37  -0.01554  +0.190   +0.1818   +0.1928                   
 22  320   15-Nov-22  37  -0.01535  +0.031   +0.1811   +0.1922                   
 22  321   16-Nov-22  37  -0.01532  -0.164   +0.1806   +0.1921                   
 22  322   17-Nov-22  37  -0.01549  -0.369   +0.1799   +0.1922                   
 22  323   18-Nov-22  37  -0.01586  -0.554   +0.1786   +0.1927                   
 22  324   19-Nov-22  37  -0.01641  -0.703   +0.1766   +0.1929                   
 22  325   20-Nov-22  37  -0.01711  -0.785   +0.1747   +0.1929                   
 22  326   21-Nov-22  37  -0.01790  -0.764   +0.1725   +0.1927                   
 22  327   22-Nov-22  37  -0.01866  -0.621   +0.1701   +0.1926                   
 22  328   23-Nov-22  37  -0.01928  -0.393   +0.1679   +0.1921                   
 22  329   24-Nov-22  37  -0.01968  -0.135   +0.1658   +0.1916                   
 22  330   25-Nov-22  37  -0.01981  +0.071   +0.1634   +0.1914                   
 22  331   26-Nov-22  37  -0.01974  +0.192   +0.1604   +0.1912                   
 22  332   27-Nov-22  37  -0.01955  +0.234   +0.1570   +0.1908                   
 22  333   28-Nov-22  37  -0.01931  +0.106   +0.1532   +0.1903                   
 22  334   29-Nov-22  37  -0.01921  -0.103   +0.1499   +0.1897                   
 22  335   30-Nov-22  37  -0.01931  -0.292   +0.1470   +0.1898                   
 22  336   01-Dec-22  37  -0.01960  -0.414   +0.1440   +0.1901                   
 22  337   02-Dec-22  37  -0.02002  -0.430   +0.1411   +0.1900                   
 22  338   03-Dec-22  37  -0.02045  -0.359   +0.1385   +0.1896                   
 22  339   04-Dec-22  37  -0.02081  -0.220   +0.1357   +0.1896                   
 22  340   05-Dec-22  37  -0.02103  -0.027   +0.1326   +0.1891                   
 22  341   06-Dec-22  37  -0.02105  +0.191   +0.1302   +0.1888                   
 22  342   07-Dec-22  37  -0.02086  +0.379   +0.1278   +0.1889                   
 22  343   08-Dec-22  37  -0.02048  +0.527   +0.1255   +0.1887                   
 22  344   09-Dec-22  37  -0.01996  +0.611   +0.1231   +0.1889                   
 22  345   10-Dec-22  37  -0.01935  +0.628   +0.1200   +0.1892                   
 22  346   11-Dec-22  37  -0.01872  +0.593   +0.1171   +0.1895                   
 22  347   12-Dec-22  37  -0.01813  +0.489   +0.1145   +0.1893                   
 22  348   13-Dec-22  37  -0.01764  +0.348   +0.1122   +0.1894                   
 22  349   14-Dec-22  37  -0.01729  +0.196   +0.1101   +0.1897                   
 22  350   15-Dec-22  37  -0.01709  +0.052   +0.1078   +0.1906                   
 22  351   16-Dec-22  37  -0.01704  -0.098   +0.1053   +0.1917                   
 22  352   17-Dec-22  37  -0.01714  -0.228   +0.1026   +0.1922                   
 22  353   18-Dec-22  37  -0.01737  -0.352   +0.1002   +0.1925                   
 22  354   19-Dec-22  37  -0.01772  -0.245   +0.0982   +0.1928                   
 22  355   20-Dec-22  37  -0.01796  -0.160   +0.0967   +0.1931                   
 22  356   21-Dec-22  37  -0.01812  +0.017   +0.0958   +0.1933                   
 22  357   22-Dec-22  37  -0.01811  +0.210   +0.0949   +0.1940                   
 22  358   23-Dec-22  37  -0.01790  +0.311   +0.0935   +0.1949                   
 22  359   24-Dec-22  37  -0.01758  +0.273   +0.0914   +0.1961                   
 22  360   25-Dec-22  37  -0.01731  +0.079   +0.0884   +0.1971                   
 22  361   26-Dec-22  37  -0.01723  -0.222   +0.0852   +0.1974                   
 22  362   27-Dec-22  37  -0.01745  -0.470   +0.0821   +0.1978                   
 22  363   28-Dec-22  37  -0.01792  -0.548   +0.0783   +0.1984                   
 22  364   29-Dec-22  37  -0.01847  -0.538   +0.0747   +0.1986                   
 22  365   30-Dec-22  37  -0.01901  -0.475   +0.0713   +0.1992                   
 22  366   31-Dec-22  37  -0.01949  -0.311   +0.0671   +0.2001                   
 23  001   01-Jan-23  37  -0.01980  -0.128   +0.0627   +0.2009                   
 23  002   02-Jan-23  37  -0.01992  +0.099   +0.0590   +0.2018                   
 23  003   03-Jan-23  37  -0.01982  +0.324   +0.0556   +0.2025                   
 23  004   04-Jan-23  37  -0.01950  +0.477   +0.0529   +0.2030                   
 23  005   05-Jan-23  37  -0.01902  +0.557   +0.0508   +0.2038                   
 23  006   06-Jan-23  37  -0.01847  +0.552   +0.0488   +0.2051                   
 23  007   07-Jan-23  37  -0.01791  +0.466   +0.0469   +0.2062                   
 23  008   08-Jan-23  37  -0.01745  +0.321   +0.0451   +0.2076                   
 23  009   09-Jan-23  37  -0.01713  +0.160   +0.0434   +0.2091                   
 23  010   10-Jan-23  37  -0.01697  -0.008   +0.0413   +0.2103                   
 23  011   11-Jan-23  37  -0.01697  -0.081   +0.0390   +0.2111                   
 23  012   12-Jan-23  37  -0.01706  -0.149   +0.0365   +0.2119                   
 23  013   13-Jan-23  37  -0.01720  -0.183   +0.0342   +0.2130                   
 23  014   14-Jan-23  37  -0.01739  -0.183   +0.0318   +0.2144                   
 23  015   15-Jan-23  37  -0.01757  -0.140   +0.0294   +0.2160                   
 23  016   16-Jan-23  37  -0.01771  -0.029   +0.0269   +0.2179                   
 23  017   17-Jan-23  37  -0.01774  +0.153   +0.0243   +0.2202                   
 23  018   18-Jan-23  37  -0.01759  +0.351   +0.0217   +0.2225                   
 23  019   19-Jan-23  37  -0.01724  +0.484   +0.0191   +0.2243                   
 23  020   20-Jan-23  37  -0.01675  +0.563   +0.0167   +0.2257                   
 23  021   21-Jan-23  37  -0.01619  +0.530   +0.0140   +0.2269                   
 23  022   22-Jan-23  37  -0.01566  +0.351   +0.0109   +0.2277                   
 23  023   23-Jan-23  37  -0.01531  +0.093   +0.0077   +0.2288                   
 23  024   24-Jan-23  37  -0.01522  -0.148   +0.0053   +0.2302                   
 23  025   25-Jan-23  37  -0.01536  -0.271   +0.0039   +0.2314                   
 23  026   26-Jan-23  37  -0.01563  -0.254   +0.0029   +0.2332                   
 23  027   27-Jan-23  37  -0.01589  -0.098   +0.0016   +0.2359                   
 23  028   28-Jan-23  37  -0.01599  +0.093   +0.0003   +0.2381                   
 23  029   29-Jan-23  37  -0.01589  +0.248   -0.0002   +0.2404                   
 23  030   30-Jan-23  37  -0.01564  +0.418   -0.0009   +0.2427                   
 23  031   31-Jan-23  37  -0.01523  +0.625   -0.0013   +0.2450                   
 23  032   01-Feb-23  37  -0.01460  +0.742   -0.0023   +0.2479                   
 23  033   02-Feb-23  37  -0.01386  +0.763   -0.0035   +0.2503                   
 23  034   03-Feb-23  37  -0.01310  +0.677   -0.0049   +0.2526                   
 23  035   04-Feb-23  37  -0.01242  +0.541   -0.0064   +0.2543                   
 23  036   05-Feb-23  37  -0.01188  +0.382   -0.0082   +0.2559                   
 23  037   06-Feb-23  37  -0.01150  +0.221   -0.0100   +0.2577                   
 23  038   07-Feb-23  37  -0.01127  +0.079   -0.0119   +0.2597                   
 23  039   08-Feb-23  37  -0.01120  -0.049   -0.0142   +0.2617                   
 23  040   09-Feb-23  37  -0.01124  -0.228   -0.0158   +0.2634                   
 23  041   10-Feb-23  37  -0.01147  -0.319   -0.0167   +0.2655                   
 23  042   11-Feb-23  37  -0.01179  -0.341   -0.0178   +0.2680                   
 23  043   12-Feb-23  37  -0.01213  -0.233   -0.0196   +0.2704                   
 23  044   13-Feb-23  37  -0.01236  -0.099   -0.0219   +0.2731                   
 23  045   14-Feb-23  37  -0.01246  +0.109   -0.0245   +0.2757                   
 23  046   15-Feb-23  37  -0.01235  +0.293   -0.0270   +0.2782                   
 23  047   16-Feb-23  37  -0.01206  +0.371   -0.0294   +0.2807                   
 23  048   17-Feb-23  37  -0.01169  +0.328   -0.0318   +0.2829                   
 23  049   18-Feb-23  37  -0.01136  +0.051   -0.0341   +0.2849                   
 23  050   19-Feb-23  37  -0.01131  -0.255   -0.0359   +0.2868                   
 23  051   20-Feb-23  37  -0.01157  -0.592   -0.0373   +0.2889                   
 23  052   21-Feb-23  37  -0.01216  -0.770   -0.0383   +0.2914                   
 23  053   22-Feb-23  37  -0.01293  -0.777   -0.0389   +0.2946                   
 23  054   23-Feb-23  37  -0.01371  -0.795   -0.0390   +0.2983                   
 23  055   24-Feb-23  37  -0.01450  -0.640   -0.0391   +0.3019                   
 23  056   25-Feb-23  37  -0.01514  -0.400   -0.0396   +0.3051                   
 23  057   26-Feb-23  37  -0.01554  -0.063   -0.0409   +0.3082                   
 23  058   27-Feb-23  37  -0.01561  +0.103   -0.0428   +0.3108                   
 23  059   28-Feb-23  37  -0.01550  +0.223   -0.0441   +0.3133                   
 23  061   01-Mar-23  37  -0.01528  +0.216   -0.0451   +0.3164                   
 23  062   02-Mar-23  37  -0.01506  +0.238   -0.0461   +0.3188                   
 23  063   03-Mar-23  37  -0.01482  +0.143   -0.0467   +0.3211                   
 23  064   04-Mar-23  37  -0.01468  -0.000   -0.0469   +0.3238                   
 23  065   05-Mar-23  37  -0.01468  -0.231   -0.0465   +0.3266                   
 23  066   06-Mar-23  37  -0.01491  -0.453   -0.0457   +0.3298                   
 23  067   07-Mar-23  37  -0.01537  -0.639   -0.0446   +0.3333                   
 23  068   08-Mar-23  37  -0.01601  -0.771   -0.0435   +0.3366                   
 23  069   09-Mar-23  37  -0.01678  -0.827   -0.0424   +0.3398                   
 23  070   10-Mar-23  37  -0.01760  -0.802   -0.0413   +0.3431                   
 23  071   11-Mar-23  37  -0.01840  -0.686   -0.0408   +0.3464                   
 23  072   12-Mar-23  37  -0.01909  -0.511   -0.0405   +0.3495                   
 23  073   13-Mar-23  37  -0.01960  -0.309   -0.0401   +0.3526                   
 23  074   14-Mar-23  37  -0.01991  -0.149   -0.0397   +0.3560                   
 23  075   15-Mar-23  37  -0.02006  -0.011   -0.0397   +0.3594                   
 23  076   16-Mar-23  37  -0.02007  +0.034   -0.0398   +0.3622                   
 23  077   17-Mar-23  37  -0.02004  -0.092   -0.0397   +0.3646                   
 23  078   18-Mar-23  37  -0.02013  -0.358   -0.0390   +0.3669                   
 23  079   19-Mar-23  37  -0.02049  -0.654   -0.0381   +0.3690                   
 23  080   20-Mar-23  37  -0.02114  -0.859   -0.0369   +0.3713                   
 23  081   21-Mar-23  37  -0.02200  -0.961   -0.0355   +0.3740                   
 23  082   22-Mar-23  37  -0.02296  -0.926   -0.0339   +0.3771                   
 23  083   23-Mar-23  37  -0.02389  -0.803   -0.0325   +0.3802                   
 23  084   24-Mar-23  37  -0.02469  -0.533   -0.0312   +0.3833                   
 23  085   25-Mar-23  37  -0.02522  -0.207   -0.0299   +0.3864                   
 23  086   26-Mar-23  37  -0.02543  +0.039   -0.0284   +0.3895                   
 23  087   27-Mar-23  37  -0.02539  +0.212   -0.0266   +0.3926                   
 23  088   28-Mar-23  37  -0.02518  +0.305   -0.0247   +0.3954                   
 23  089   29-Mar-23  37  -0.02488  +0.294   -0.0230   +0.3979                   
 23  090   30-Mar-23  37  -0.02458  +0.195   -0.0217   +0.4000                   
 23  091   31-Mar-23  37  -0.02439  +0.042   -0.0204   +0.4022                   
 23  092   01-Apr-23  37  -0.02434  -0.114   -0.0188   +0.4046                   
 23  093   02-Apr-23  37  -0.02446  -0.282   -0.0173   +0.4074                   
 23  094   03-Apr-23  37  -0.02474  -0.475   -0.0156   +0.4100                   
 23  095   04-Apr-23  37  -0.02522  -0.620   -0.0138   +0.4126                   
 23  096   05-Apr-23  37  -0.02584  -0.702   -0.0123   +0.4155                   
 23  097   06-Apr-23  37  -0.02654  -0.711   -0.0108   +0.4183                   
 23  098   07-Apr-23  37  -0.02725  -0.671   -0.0091   +0.4213                   
 23  099   08-Apr-23  37  -0.02792  -0.562   -0.0079   +0.4238                   
 23  100   09-Apr-23  37  -0.02848  -0.366   -0.0065   +0.4263                   
 23  101   10-Apr-23  37  -0.02885  -0.171   -0.0053   +0.4288                   
 23  102   11-Apr-23  37  -0.02902  -0.016   -0.0041   +0.4314                   
 23  103   12-Apr-23  37  -0.02903  +0.049   -0.0029   +0.4342                   
 23  104   13-Apr-23  37  -0.02899  -0.020   -0.0024   +0.4367                   
 23  105   14-Apr-23  37  -0.02901  -0.256   -0.0018   +0.4393                   
 23  106   15-Apr-23  37  -0.02926  -0.560   -0.0012   +0.4417                   
 23  107   16-Apr-23  37  -0.02982  -0.823   +0.0002   +0.4436                   
 23  108   17-Apr-23  37  -0.03064  -0.966   +0.0017   +0.4453                   
 23  109   18-Apr-23  37  -0.03161  -0.927   +0.0029   +0.4469                   
 23  110   19-Apr-23  37  -0.03254  -0.821   +0.0043   +0.4486                   
 23  111   20-Apr-23  37  -0.03336  -0.617   +0.0057   +0.4505                   
 23  112   21-Apr-23  37  -0.03397  -0.325   +0.0074   +0.4526                   
 23  113   22-Apr-23  37  -0.03430  -0.075   +0.0092   +0.4551                   
 23  114   23-Apr-23  37  -0.03437  +0.098   +0.0107   +0.4578                   
 23  115   24-Apr-23  37  -0.03428  +0.201   +0.0126   +0.4606                   
 23  116   25-Apr-23  37  -0.03407  +0.230   +0.0149   +0.4629                   
 23  117   26-Apr-23  37  -0.03384  +0.217   +0.0173   +0.4650                   
 23  118   27-Apr-23  37  -0.03363  +0.127   +0.0194   +0.4671                   
 23  119   28-Apr-23  37  -0.03350  -0.055   +0.0214   +0.4691                   
 23  120   29-Apr-23  37  -0.03356  -0.256   +0.0238   +0.4707                   
 23  121   30-Apr-23  37  -0.03381  -0.396   +0.0260   +0.4721                   
 23  122   01-May-23  37  -0.03421  -0.577   +0.0276   +0.4735                   
 23  123   02-May-23  37  -0.03479  -0.687   +0.0288   +0.4746                   
 23  124   03-May-23  37  -0.03547  -0.698   +0.0302   +0.4757                   
 23  125   04-May-23  37  -0.03617  -0.650   +0.0319   +0.4766                   
 23  126   05-May-23  37  -0.03682  -0.545   +0.0338   +0.4776                   
 23  127   06-May-23  37  -0.03737  -0.407   +0.0357   +0.4787                   
 23  128   07-May-23  37  -0.03777  -0.224   +0.0379   +0.4798                   
 23  129   08-May-23  37  -0.03800  -0.104   +0.0398   +0.4813                   
 23  130   09-May-23  37  -0.03810  -0.095   +0.0417   +0.4827                   
 23  131   10-May-23  37  -0.03820  -0.191   +0.0435   +0.4843                   
 23  132   11-May-23  37  -0.03839  -0.435   +0.0453   +0.4855                   
 23  133   12-May-23  37  -0.03882  -0.717   +0.0473   +0.4866                   
 23  134   13-May-23  37  -0.03954  -0.999   +0.0495   +0.4878                   
 23  135   14-May-23  37  -0.04054  -1.238   +0.0523   +0.4891                   
 23  136   15-May-23  37  -0.04178  -1.323   +0.0559   +0.4906                   
 23  137   16-May-23  37  -0.04310  -1.194   +0.0592   +0.4923                   
 23  138   17-May-23  37  -0.04429  -0.962   +0.0621   +0.4935                   
 23  139   18-May-23  37  -0.04525  -0.652   +0.0645   +0.4946                   
 23  140   19-May-23  37  -0.04591  -0.358   +0.0669   +0.4957                   
 23  141   20-May-23  37  -0.04626  -0.121   +0.0694   +0.4966                   
 23  142   21-May-23  37  -0.04639  +0.134   +0.0717   +0.4976                   
 23  143   22-May-23  37  -0.04625  +0.262   +0.0737   +0.4982                   
 23  144   23-May-23  37  -0.04599  +0.323   +0.0762   +0.4990                   
 23  145   24-May-23  37  -0.04567  +0.310   +0.0792   +0.5000                   
 23  146   25-May-23  37  -0.04536  +0.258   +0.0822   +0.5010                   
 23  147   26-May-23  37  -0.04510  +0.148   +0.0849   +0.5025                   
 23  148   27-May-23  37  -0.04495  -0.040   +0.0867   +0.5037                   
 23  149   28-May-23  37  -0.04499  -0.222   +0.0887   +0.5044                   
 23  150   29-May-23  37  -0.04521  -0.287   +0.0903   +0.5053                   
 23  151   30-May-23  37  -0.04550  -0.282   +0.0919   +0.5060                   
 23  152   31-May-23  37  -0.04578  -0.257   +0.0938   +0.5070                   
 23  153   01-Jun-23  37  -0.04604  -0.187   +0.0964   +0.5078                   
 23  154   02-Jun-23  37  -0.04623  +0.012   +0.0993   +0.5087                   
 23  155   03-Jun-23  37  -0.04621  +0.251   +0.1022   +0.5093                   
 23  156   04-Jun-23  37  -0.04596  +0.464   +0.1052   +0.5101                   
 23  157   05-Jun-23  37  -0.04550  +0.532   +0.1080   +0.5104                   
 23  158   06-Jun-23  37  -0.04497  +0.491   +0.1112   +0.5108                   
 23  159   07-Jun-23  37  -0.04448  +0.352   +0.1142   +0.5113                   
 23  160   08-Jun-23  37  -0.04412  +0.140   +0.1165   +0.5115                   
 23  161   09-Jun-23  37  -0.04398  -0.088   +0.1192   +0.5118                   
 23  162   10-Jun-23  37  -0.04407  -0.258   +0.1217   +0.5121                   
 23  163   11-Jun-23  37  -0.04433  -0.286   +0.1238   +0.5126                   
 23  164   12-Jun-23  37  -0.04462  -0.217   +0.1261   +0.5129                   
 23  165   13-Jun-23  37  -0.04483  -0.060   +0.1287   +0.5130                   
 23  166   14-Jun-23  37  -0.04489  +0.186   +0.1313   +0.5132                   
 23  167   15-Jun-23  37  -0.04471  +0.425   +0.1338   +0.5130                   
 23  168   16-Jun-23  37  -0.04428  +0.613   +0.1365   +0.5129                   
 23  169   17-Jun-23  37  -0.04367  +0.762   +0.1395   +0.5129                   
 23  170   18-Jun-23  37  -0.04291  +0.854   +0.1424   +0.5128                   
 23  171   19-Jun-23  37  -0.04205  +0.867   +0.1457   +0.5125                   
 23  172   20-Jun-23  37  -0.04118  +0.799   +0.1487   +0.5124                   
 23  173   21-Jun-23  37  -0.04039  +0.727   +0.1520   +0.5120                   
 23  174   22-Jun-23  37  -0.03966  +0.633   +0.1555   +0.5116                   
 23  175   23-Jun-23  37  -0.03903  +0.527   +0.1583   +0.5112                   
 23  176   24-Jun-23  37  -0.03850  +0.427   +0.1614   +0.5108                   
 23  177   25-Jun-23  37  -0.03807  +0.316   +0.1642   +0.5107                   
 23  178   26-Jun-23  37  -0.03776  +0.235   +0.1672   +0.5103                   
 23  179   27-Jun-23  37  -0.03752  +0.206   +0.1704   +0.5100                   
 23  180   28-Jun-23  37  -0.03731  +0.272   +0.1740   +0.5100                   
 23  181   29-Jun-23  37  -0.03704  +0.368   +0.1770   +0.5096                   
 23  182   30-Jun-23  37  -0.03667  +0.540   +0.1803   +0.5091                   
 23  183   01-Jul-23  37  -0.03613  +0.736   +0.1836   +0.5085                   
 23  184   02-Jul-23  37  -0.03540  +0.908   +0.1872   +0.5078                   
 23  185   03-Jul-23  37  -0.03449  +0.958   +0.1905   +0.5076                   
 23  186   04-Jul-23  37  -0.03353  +0.890   +0.1932   +0.5073                   
 23  187   05-Jul-23  37  -0.03264  +0.727   +0.1959   +0.5071                   
 23  188   06-Jul-23  37  -0.03191  +0.480   +0.1984   +0.5064                   
 23  189   07-Jul-23  37  -0.03143  +0.280   +0.2012   +0.5055                   
 23  190   08-Jul-23  37  -0.03115  +0.192   +0.2042   +0.5045                   
 23  191   09-Jul-23  37  -0.03096  +0.269   +0.2070   +0.5032                   
 23  192   10-Jul-23  37  -0.03069  +0.395   +0.2095   +0.5020                   
 23  193   11-Jul-23  37  -0.03030  +0.590   +0.2122   +0.5009                   
 23  194   12-Jul-23  37  -0.02971  +0.857   +0.2146   +0.4999                   
 23  195   13-Jul-23  37  -0.02885  +1.054   +0.2169   +0.4988                   
 23  196   14-Jul-23  37  -0.02780  +1.201   +0.2194   +0.4976                   
 23  197   15-Jul-23  37  -0.02660  +1.296   +0.2219   +0.4965                   
 23  198   16-Jul-23  37  -0.02530  +1.274   +0.2244   +0.4955                   
 23  199   17-Jul-23  37  -0.02403  +1.173   +0.2270   +0.4945                   
 23  200   18-Jul-23  37  -0.02285  +1.017   +0.2290   +0.4938                   
 23  201   19-Jul-23  37  -0.02184  +0.820   +0.2310   +0.4930                   
 23  202   20-Jul-23  37  -0.02102  +0.592   +0.2333   +0.4923                   
 23  203   21-Jul-23  37  -0.02042  +0.395   +0.2359   +0.4911                   
 23  204   22-Jul-23  37  -0.02003  +0.280   +0.2382   +0.4900                   
 23  205   23-Jul-23  37  -0.01975  +0.203   +0.2404   +0.4886                   
 23  206   24-Jul-23  37  -0.01955  +0.175   +0.2427   +0.4871                   
 23  207   25-Jul-23  37  -0.01937  +0.251   +0.2450   +0.4855                   
 23  208   26-Jul-23  37  -0.01912  +0.398   +0.2474   +0.4840                   
 23  209   27-Jul-23  37  -0.01872  +0.577   +0.2499   +0.4823                   
 23  210   28-Jul-23  37  -0.01815  +0.746   +0.2523   +0.4808                   
 23  211   29-Jul-23  37  -0.01740  +0.874   +0.2545   +0.4791                   
 23  212   30-Jul-23  37  -0.01653  +0.912   +0.2563   +0.4773                   
 23  213   31-Jul-23  37  -0.01561  +0.814   +0.2577   +0.4753                   
 23  214   01-Aug-23  37  -0.01480  +0.604   +0.2596   +0.4733                   
 23  215   02-Aug-23  37  -0.01420  +0.304   +0.2615   +0.4717                   
 23  216   03-Aug-23  37  -0.01389  +0.027   +0.2634   +0.4701                   
 23  217   04-Aug-23  37  -0.01387  -0.146   +0.2655   +0.4682                   
 23  218   05-Aug-23  37  -0.01401  -0.142   +0.2679   +0.4664                   
 23  219   06-Aug-23  37  -0.01415  +0.006   +0.2705   +0.4649                   
 23  220   07-Aug-23  37  -0.01415  +0.234   +0.2729   +0.4636                   
 23  221   08-Aug-23  37  -0.01391  +0.487   +0.2747   +0.4622                   
 23  222   09-Aug-23  37  -0.01343  +0.724   +0.2763   +0.4606                   
 23  223   10-Aug-23  37  -0.01270  +0.968   +0.2778   +0.4588                   
 23  224   11-Aug-23  37  -0.01174  +1.127   +0.2790   +0.4565                   
 23  225   12-Aug-23  37  -0.01061  +1.190   +0.2800   +0.4547                   
 23  226   13-Aug-23  37  -0.00942  +1.169   +0.2808   +0.4526                   
 23  227   14-Aug-23  37  -0.00825  +1.070   +0.2818   +0.4507                   
 23  228   15-Aug-23  37  -0.00718  +0.905   +0.2827   +0.4489                   
 23  229   16-Aug-23  37  -0.00627  +0.704   +0.2836   +0.4470                   
 23  230   17-Aug-23  37  -0.00557  +0.554   +0.2842   +0.4452                   
 23  231   18-Aug-23  37  -0.00501  +0.443   +0.2852   +0.4429                   
 23  232   19-Aug-23  37  -0.00457  +0.379   +0.2866   +0.4407                   
 23  233   20-Aug-23  37  -0.00419  +0.388   +0.2877   +0.4381                   
 23  234   21-Aug-23  37  -0.00380  +0.452   +0.2887   +0.4355                   
 23  235   22-Aug-23  37  -0.00335  +0.559   +0.2898   +0.4324                   
 23  236   23-Aug-23  37  -0.00279  +0.703   +0.2914   +0.4298                   
 23  237   24-Aug-23  37  -0.00209  +0.847   +0.2925   +0.4273                   
 23  238   25-Aug-23  37  -0.00124  +0.978   +0.2941   +0.4248                   
 23  239   26-Aug-23  37  -0.00026  +1.019   +0.2960   +0.4227                   
 23  240   27-Aug-23  37  +0.00075  +0.967   +0.2983   +0.4207                   
 23  241   28-Aug-23  37  +0.00172  +0.755   +0.3003   +0.4190                   
 23  242   29-Aug-23  37  +0.00248  +0.383   +0.3021   +0.4176                   
 23  243   30-Aug-23  37  +0.00286  +0.001   +0.3035   +0.4164                   
 23  244   31-Aug-23  37  +0.00286  -0.274   +0.3045   +0.4150                   
 23  245   01-Sep-23  37  +0.00259  -0.381   +0.3047   +0.4132                   
 23  246   02-Sep-23  37  +0.00220  -0.279   +0.3048   +0.4112                   
 23  247   03-Sep-23  37  +0.00193  -0.030   +0.3047   +0.4093                   
 23  248   04-Sep-23  37  +0.00190  +0.264   +0.3043   +0.4072                   
 23  249   05-Sep-23  37  +0.00216  +0.544   +0.3042   +0.4049                   
 23  250   06-Sep-23  37  +0.00270  +0.766   +0.3043   +0.4023                   
 23  251   07-Sep-23  37  +0.00347  +0.912   +0.3043   +0.3993                   
 23  252   08-Sep-23  37  +0.00438  +0.998   +0.3050   +0.3956                   
 23  253   09-Sep-23  37  +0.00538  +0.970   +0.3063   +0.3925                   
 23  254   10-Sep-23  37  +0.00635  +0.875   +0.3074   +0.3895                   
 23  255   11-Sep-23  37  +0.00722  +0.741   +0.3085   +0.3868                   
 23  256   12-Sep-23  37  +0.00797  +0.555   +0.3093   +0.3845                   
 23  257   13-Sep-23  37  +0.00852  +0.374   +0.3096   +0.3823                   
 23  258   14-Sep-23  37  +0.00889  +0.230   +0.3097   +0.3801                   
 23  259   15-Sep-23  37  +0.00912  +0.136   +0.3097   +0.3776                   
 23  260   16-Sep-23  37  +0.00926  +0.101   +0.3098   +0.3747                   
 23  261   17-Sep-23  37  +0.00936  +0.145   +0.3098   +0.3718                   
 23  262   18-Sep-23  37  +0.00950  +0.219   +0.3089   +0.3691                   
 23  263   19-Sep-23  37  +0.00972  +0.342   +0.3082   +0.3662                   
 23  264   20-Sep-23  37  +0.01007  +0.500   +0.3075   +0.3637                   
 23  265   21-Sep-23  37  +0.01057  +0.652   +0.3067   +0.3606                   
 23  266   22-Sep-23  37  +0.01122  +0.767   +0.3064   +0.3579                   
 23  267   23-Sep-23  37  +0.01199  +0.757   +0.3057   +0.3550                   
 23  268   24-Sep-23  37  +0.01274  +0.654   +0.3051   +0.3519                   
 23  269   25-Sep-23  37  +0.01340  +0.418   +0.3042   +0.3490                   
 23  270   26-Sep-23  37  +0.01381  +0.083   +0.3034   +0.3462                   
 23  271   27-Sep-23  37  +0.01390  -0.298   +0.3028   +0.3435                   
 23  272   28-Sep-23  37  +0.01360  -0.562   +0.3027   +0.3409                   
 23  273   29-Sep-23  37  +0.01304  -0.687   +0.3022   +0.3388                   
 23  274   30-Sep-23  37  +0.01235  -0.638   +0.3017   +0.3364                   
 23  275   01-Oct-23  37  +0.01171  -0.362   +0.3014   +0.3343                   
 23  276   02-Oct-23  37  +0.01135  -0.041   +0.3007   +0.3320                   
 23  277   03-Oct-23  37  +0.01131  +0.268   +0.2999   +0.3295                   
 23  278   04-Oct-23  37  +0.01158  +0.497   +0.2987   +0.3268                   
 23  279   05-Oct-23  37  +0.01207  +0.650   +0.2982   +0.3240                   
 23  280   06-Oct-23  37  +0.01272  +0.676   +0.2979   +0.3215                   
 23  281   07-Oct-23  37  +0.01340  +0.588   +0.2975   +0.3191                   
 23  282   08-Oct-23  37  +0.01399  +0.418   +0.2969   +0.3168                   
 23  283   09-Oct-23  37  +0.01441  +0.230   +0.2959   +0.3147                   
 23  284   10-Oct-23  37  +0.01464  +0.035   +0.2949   +0.3123                   
 23  285   11-Oct-23  37  +0.01467  -0.141   +0.2938   +0.3099                   
 23  286   12-Oct-23  37  +0.01453  -0.236   +0.2923   +0.3074                   
 23  287   13-Oct-23  37  +0.01429  -0.296   +0.2914   +0.3047                   
 23  288   14-Oct-23  37  +0.01400  -0.329   +0.2910   +0.3029                   
 23  289   15-Oct-23  37  +0.01367  -0.250   +0.2902   +0.3011                   
 23  290   16-Oct-23  37  +0.01342  -0.095   +0.2896   +0.2989                   
 23  291   17-Oct-23  37  +0.01332  +0.061   +0.2889   +0.2968                   
 23  292   18-Oct-23  37  +0.01338  +0.235   +0.2881   +0.2946                   
 23  293   19-Oct-23  37  +0.01362  +0.324   +0.2868   +0.2929                   
 23  294   20-Oct-23  37  +0.01394  +0.304   +0.2852   +0.2911                   
 23  295   21-Oct-23  37  +0.01425  +0.211   +0.2839   +0.2893                   
 23  296   22-Oct-23  37  +0.01446  +0.030   +0.2827   +0.2874                   
 23  297   23-Oct-23  37  +0.01449  -0.231   +0.2819   +0.2850                   
 23  298   24-Oct-23  37  +0.01426  -0.507   +0.2813   +0.2824                   
 23  299   25-Oct-23  37  +0.01375  -0.742   +0.2806   +0.2799                   
 23  300   26-Oct-23  37  +0.01301  -0.828   +0.2802   +0.2778                   
 23  301   27-Oct-23  37  +0.01218  -0.707   +0.2800   +0.2757                   
 23  302   28-Oct-23  37  +0.01147  -0.444   +0.2800   +0.2741                   
 23  303   29-Oct-23  37  +0.01103  -0.201   +0.2796   +0.2729                   
 23  304   30-Oct-23  37  +0.01083  +0.162   +0.2781   +0.2716                   
 23  305   31-Oct-23  37  +0.01099  +0.343   +0.2763   +0.2703                   
 23  306   01-Nov-23  37  +0.01133  +0.445   +0.2746   +0.2683                   
 23  307   02-Nov-23  37  +0.01178  +0.492   +0.2732   +0.2661                   
 23  308   03-Nov-23  37  +0.01227  +0.455   +0.2718   +0.2644                   
 23  309   04-Nov-23  37  +0.01273  +0.313   +0.2709   +0.2626                   
 23  310   05-Nov-23  37  +0.01304  +0.099   +0.2702   +0.2613                   
 23  311   06-Nov-23  37  +0.01314  -0.108   +0.2691   +0.2598                   
 23  312   07-Nov-23  37  +0.01303  -0.238   +0.2683   +0.2585                   
 23  313   08-Nov-23  37  +0.01279  -0.350   +0.2667   +0.2572                   
 23  314   09-Nov-23  37  +0.01244  -0.488   +0.2652   +0.2556                   
 23  315   10-Nov-23  37  +0.01195  -0.549   +0.2635   +0.2544                   
 23  316   11-Nov-23  37  +0.01140  -0.510   +0.2616   +0.2528                   
 23  317   12-Nov-23  37  +0.01089  -0.350   +0.2599   +0.2513                   
 23  318   13-Nov-23  37  +0.01054  -0.159   +0.2582   +0.2497                   
 23  319   14-Nov-23  37  +0.01039  +0.032   +0.2565   +0.2481                   
 23  320   15-Nov-23  37  +0.01042  +0.182   +0.2546   +0.2467                   
 23  321   16-Nov-23  37  +0.01060  +0.257   +0.2524   +0.2451                   
 23  322   17-Nov-23  37  +0.01086  +0.260   +0.2504   +0.2430                   
 23  323   18-Nov-23  37  +0.01112  +0.188   +0.2484   +0.2404                   
 23  324   19-Nov-23  37  +0.01130  -0.003   +0.2467   +0.2381                   
 23  325   20-Nov-23  37  +0.01130  -0.197   +0.2453   +0.2361                   
 23  326   21-Nov-23  37  +0.01110  -0.345   +0.2445   +0.2345                   
 23  327   22-Nov-23  37  +0.01076  -0.417   +0.2436   +0.2335                   
 23  328   23-Nov-23  37  +0.01034  -0.424   +0.2419   +0.2322                   
 23  329   24-Nov-23  37  +0.00992  -0.361   +0.2410   +0.2313                   
 23  330   25-Nov-23  37  +0.00956  -0.155   +0.2397   +0.2308                   
 23  331   26-Nov-23  37  +0.00940  +0.072   +0.2383   +0.2301                   
 23  332   27-Nov-23  37  +0.00948  +0.359   +0.2364   +0.2295                   
 23  333   28-Nov-23  37  +0.00983  +0.526   +0.2338   +0.2285                   
 23  334   29-Nov-23  37  +0.01036  +0.647   +0.2315   +0.2273                   
 23  335   30-Nov-23  37  +0.01101  +0.565   +0.2290   +0.2259                   
 23  336   01-Dec-23  37  +0.01157  +0.438   +0.2268   +0.2247                   
 23  337   02-Dec-23  37  +0.01201  +0.311   +0.2243   +0.2239                   
 23  338   03-Dec-23  37  +0.01232  +0.143   +0.2221   +0.2224                   
 23  339   04-Dec-23  37  +0.01246  -0.011   +0.2198   +0.2209                   
 23  340   05-Dec-23  37  +0.01245  -0.178   +0.2174   +0.2191                   
 23  341   06-Dec-23  37  +0.01228  -0.299   +0.2146   +0.2175                   
 23  342   07-Dec-23  37  +0.01198  -0.329   +0.2119   +0.2157                   
 23  343   08-Dec-23  37  +0.01165  -0.263   +0.2088   +0.2141                   
 23  344   09-Dec-23  37  +0.01139  -0.145   +0.2057   +0.2121                   
 23  345   10-Dec-23  37  +0.01124  -0.017   +0.2030   +0.2105                   
 23  346   11-Dec-23  37  +0.01122  +0.145   +0.2000   +0.2095                   
 23  347   12-Dec-23  37  +0.01137  +0.292   +0.1969   +0.2082                   
 23  348   13-Dec-23  37  +0.01166  +0.383   +0.1934   +0.2077                   
 23  349   14-Dec-23  37  +0.01204  +0.391   +0.1896   +0.2068                   
 23  350   15-Dec-23  37  +0.01243  +0.224   +0.1858   +0.2057                   
 23  351   16-Dec-23  37  +0.01266  -0.054   +0.1820   +0.2047                   
 23  352   17-Dec-23  37  +0.01260  -0.319   +0.1781   +0.2034                   
 23  353   18-Dec-23  37  +0.01229  -0.573   +0.1744   +0.2023                   
 23  354   19-Dec-23  37  +0.01171  -0.766   +0.1707   +0.2012                   
 23  355   20-Dec-23  37  +0.01095  -0.819   +0.1675   +0.2006                   
 23  356   21-Dec-23  37  +0.01013  -0.774   +0.1649   +0.2004                   
 23  357   22-Dec-23  37  +0.00935  -0.622   +0.1626   +0.2005                   
 23  358   23-Dec-23  37  +0.00873  -0.392   +0.1601   +0.2008                   
 23  359   24-Dec-23  37  +0.00834  -0.141   +0.1576   +0.2013                   
 23  360   25-Dec-23  37  +0.00820  +0.064   +0.1551   +0.2015                   
 23  361   26-Dec-23  37  +0.00826  +0.154   +0.1519   +0.2018                   
 23  362   27-Dec-23  37  +0.00842  +0.202   +0.1489   +0.2016                   
 23  363   28-Dec-23  37  +0.00862  +0.225   +0.1460   +0.2014                   
 23  364   29-Dec-23  37  +0.00884  +0.140   +0.1434   +0.2014                   
 23  365   30-Dec-23  37  +0.00898  -0.047   +0.1411   +0.2015                   
 23  366   31-Dec-23  37  +0.00894  -0.178   +0.1390   +0.2019                   
 24  001   01-Jan-24  37  +0.00876  -0.282   +0.1369   +0.2022                   
 24  002   02-Jan-24  37  +0.00848  -0.360   +0.1349   +0.2026                   
 24  003   03-Jan-24  37  +0.00812  -0.415   +0.1331   +0.2031                   
 24  004   04-Jan-24  37  +0.00770  -0.442   +0.1316   +0.2040                   
 24  005   05-Jan-24  37  +0.00726  -0.368   +0.1300   +0.2052                   
 24  006   06-Jan-24  37  +0.00689  -0.194   +0.1279   +0.2061                   
 24  007   07-Jan-24  37  +0.00670  +0.051   +0.1256   +0.2063                   
 24  008   08-Jan-24  37  +0.00675  +0.288   +0.1233   +0.2066                   
 24  009   09-Jan-24  37  +0.00704  +0.400   +0.1212   +0.2066                   
 24  010   10-Jan-24  37  +0.00744  +0.392   +0.1193   +0.2063                   
 24  011   11-Jan-24  37  +0.00783  +0.315   +0.1176   +0.2064                   
 24  012   12-Jan-24  37  +0.00814  +0.129   +0.1159   +0.2067                   
 24  013   13-Jan-24  37  +0.00827  -0.137   +0.1142   +0.2070                   
 24  014   14-Jan-24  37  +0.00813  -0.381   +0.1134   +0.2078                   
 24  015   15-Jan-24  37  +0.00775  -0.553   +0.1122   +0.2090                   
 24  016   16-Jan-24  37  +0.00720  -0.649   +0.1110   +0.2098                   
 24  017   17-Jan-24  37  +0.00655  -0.558   +0.1097   +0.2107                   
 24  018   18-Jan-24  37  +0.00599  -0.329   +0.1077   +0.2119                   
 24  019   19-Jan-24  37  +0.00566  -0.089   +0.1054   +0.2128                   
 24  020   20-Jan-24  37  +0.00558  +0.111   +0.1027   +0.2140                   
 24  021   21-Jan-24  37  +0.00569  +0.247   +0.0992   +0.2145                   
 24  022   22-Jan-24  37  +0.00593  +0.313   +0.0956   +0.2149                   
 24  023   23-Jan-24  37  +0.00625  +0.296   +0.0921   +0.2153                   
 24  024   24-Jan-24  37  +0.00654  +0.212   +0.0885   +0.2153                   
 24  025   25-Jan-24  37  +0.00676  +0.078   +0.0850   +0.2154                   
 24  026   26-Jan-24  37  +0.00683  -0.069   +0.0820   +0.2158                   
 24  027   27-Jan-24  37  +0.00676  -0.219   +0.0791   +0.2165                   
 24  028   28-Jan-24  37  +0.00655  -0.450   +0.0762   +0.2171                   
 24  029   29-Jan-24  37  +0.00610  -0.588   +0.0737   +0.2175                   
 24  030   30-Jan-24  37  +0.00551  -0.623   +0.0710   +0.2179                   
 24  031   31-Jan-24  37  +0.00488  -0.596   +0.0683   +0.2184                   
 24  032   01-Feb-24  37  +0.00429  -0.555   +0.0656   +0.2193                   
 24  033   02-Feb-24  37  +0.00373  -0.389   +0.0629   +0.2208                   
 24  034   03-Feb-24  37  +0.00334  -0.189   +0.0602   +0.2226                   
 24  035   04-Feb-24  37  +0.00315  +0.006   +0.0576   +0.2243                   
 24  036   05-Feb-24  37  +0.00316  +0.156   +0.0559   +0.2260                   
 24  037   06-Feb-24  37  +0.00332  +0.167   +0.0537   +0.2279                   
 24  038   07-Feb-24  37  +0.00348  +0.110   +0.0524   +0.2293                   
 24  039   08-Feb-24  37  +0.00359  -0.058   +0.0513   +0.2312                   
 24  040   09-Feb-24  37  +0.00354  -0.370   +0.0497   +0.2331                   
 24  041   10-Feb-24  37  +0.00317  -0.744   +0.0482   +0.2353                   
 24  042   11-Feb-24  37  +0.00242  -1.025   +0.0471   +0.2372                   
 24  043   12-Feb-24  37  +0.00140  -1.126   +0.0461   +0.2388                   
 24  044   13-Feb-24  37  +0.00027  -1.085   +0.0446   +0.2407                   
 24  045   14-Feb-24  37  -0.00081  -0.915   +0.0424   +0.2421                   
 24  046   15-Feb-24  37  -0.00173  -0.676   +0.0405   +0.2431                   
 24  047   16-Feb-24  37  -0.00240  -0.364   +0.0387   +0.2440                   
 24  048   17-Feb-24  37  -0.00277  -0.082   +0.0370   +0.2452                   
 24  049   18-Feb-24  37  -0.00285  +0.110   +0.0350   +0.2467                   
 24  050   19-Feb-24  37  -0.00274  +0.238   +0.0328   +0.2483                   
 24  051   20-Feb-24  37  -0.00250  +0.289   +0.0309   +0.2497                   
 24  052   21-Feb-24  37  -0.00221  +0.271   +0.0288   +0.2516                   
 24  053   22-Feb-24  37  -0.00194  +0.185   +0.0264   +0.2532                   
 24  054   23-Feb-24  37  -0.00175  +0.068   +0.0241   +0.2554                   
 24  055   24-Feb-24  37  -0.00169  -0.124   +0.0215   +0.2577                   
 24  056   25-Feb-24  37  -0.00181  -0.283   +0.0188   +0.2595                   
 24  057   26-Feb-24  37  -0.00209  -0.366   +0.0163   +0.2616                   
 24  058   27-Feb-24  37  -0.00246  -0.361   +0.0135   +0.2637                   
 24  059   28-Feb-24  37  -0.00282  -0.307   +0.0107   +0.2657                   
 24  060   29-Feb-24  37  -0.00313  -0.214   +0.0079   +0.2679                   
 24  061   01-Mar-24  37  -0.00334  -0.129   +0.0055   +0.2699                   
 24  062   02-Mar-24  37  -0.00347  -0.015   +0.0045   +0.2723                   
 24  063   03-Mar-24  37  -0.00349  +0.180   +0.0034   +0.2755                   
 24  064   04-Mar-24  37  -0.00331  +0.340   +0.0022   +0.2782                   
 24  065   05-Mar-24  37  -0.00297  +0.328   +0.0007   +0.2805                   
 24  066   06-Mar-24  37  -0.00264  +0.129   -0.0007   +0.2825                   
 24  067   07-Mar-24  37  -0.00251  -0.174   -0.0018   +0.2842                   
 24  068   08-Mar-24  37  -0.00268  -0.529   -0.0027   +0.2861                   
 24  069   09-Mar-24  37  -0.00321  -0.915   -0.0036   +0.2884                   
 24  070   10-Mar-24  37  -0.00413  -1.212   -0.0046   +0.2909                   
 24  071   11-Mar-24  37  -0.00534  -1.283   -0.0060   +0.2934                   
 24  072   12-Mar-24  37  -0.00662  -1.129   -0.0072   +0.2957                   
 24  073   13-Mar-24  37  -0.00775  -0.824   -0.0080   +0.2979                   
 24  074   14-Mar-24  37  -0.00857  -0.484   -0.0085   +0.3000                   
 24  075   15-Mar-24  37  -0.00906  -0.177   -0.0091   +0.3022                   
 24  076   16-Mar-24  37  -0.00923  +0.043   -0.0102   +0.3048                   
 24  077   17-Mar-24  37  -0.00919  +0.089   -0.0114   +0.3071                   
 24  078   18-Mar-24  37  -0.00910  +0.027   -0.0124   +0.3092                   
 24  079   19-Mar-24  37  -0.00908  -0.092   -0.0131   +0.3114                   
 24  080   20-Mar-24  37  -0.00917  -0.240   -0.0134   +0.3131                   
 24  081   21-Mar-24  37  -0.00941  -0.357   -0.0128   +0.3148                   
 24  082   22-Mar-24  37  -0.00976  -0.488   -0.0121   +0.3165                   
 24  083   23-Mar-24  37  -0.01025  -0.640   -0.0113   +0.3186                   
 24  084   24-Mar-24  37  -0.01089  -0.754   -0.0109   +0.3218                   
 24  085   25-Mar-24  37  -0.01165  -0.806   -0.0107   +0.3247                   
 24  086   26-Mar-24  37  -0.01245  -0.735   -0.0111   +0.3275                   
 24  087   27-Mar-24  37  -0.01319  -0.588   -0.0115   +0.3301                   
 24  088   28-Mar-24  37  -0.01378  -0.406   -0.0122   +0.3329                   
 24  089   29-Mar-24  37  -0.01418  -0.221   -0.0127   +0.3351                   
 24  090   30-Mar-24  37  -0.01440  -0.025   -0.0127   +0.3370                   
 24  091   31-Mar-24  37  -0.01443  +0.148   -0.0129   +0.3389                   
 24  092   01-Apr-24  37  -0.01428  +0.270   -0.0133   +0.3408                   
 24  093   02-Apr-24  37  -0.01401  +0.306   -0.0134   +0.3424                   
 24  094   03-Apr-24  37  -0.01371  +0.167   -0.0126   +0.3443                   
 24  095   04-Apr-24  37  -0.01354  -0.135   -0.0116   +0.3465                   
 24  096   05-Apr-24  37  -0.01367  -0.484   -0.0104   +0.3488                   
 24  097   06-Apr-24  37  -0.01416  -0.763   -0.0096   +0.3513                   
 24  098   07-Apr-24  37  -0.01492  -0.945   -0.0092   +0.3538                   
 24  099   08-Apr-24  37  -0.01586  -0.924   -0.0091   +0.3564                   
 24  100   09-Apr-24  37  -0.01679  -0.693   -0.0092   +0.3589                   
 24  101   10-Apr-24  37  -0.01748  -0.369   -0.0087   +0.3607                   
 24  102   11-Apr-24  37  -0.01785  -0.137   -0.0080   +0.3626                   
 24  103   12-Apr-24  37  -0.01799  +0.121   -0.0075   +0.3644                   
 24  104   13-Apr-24  37  -0.01787  +0.329   -0.0069   +0.3660                   
 24  105   14-Apr-24  37  -0.01754  +0.318   -0.0065   +0.3676                   
 24  106   15-Apr-24  37  -0.01722  +0.301   -0.0060   +0.3693                   
 24  107   16-Apr-24  37  -0.01692  +0.227   -0.0050   +0.3714                   
 24  108   17-Apr-24  37  -0.01669  +0.063   -0.0037   +0.3739                   
 24  109   18-Apr-24  37  -0.01663  -0.140   -0.0030   +0.3767                   
 24  110   19-Apr-24  37  -0.01677  -0.309   -0.0025   +0.3790                   
 24  111   20-Apr-24  37  -0.01708  -0.425   -0.0021   +0.3815                   
 24  112   21-Apr-24  37  -0.01750  -0.564   -0.0022   +0.3841                   
 24  113   22-Apr-24  37  -0.01807  -0.439   -0.0023   +0.3863                   
 24  114   23-Apr-24  37  -0.01851  -0.399   -0.0017   +0.3885                   
 24  115   24-Apr-24  37  -0.01891  -0.273   -0.0010   +0.3907                   
 24  116   25-Apr-24  37  -0.01918  -0.067   +0.0004   +0.3931                   
 24  117   26-Apr-24  37  -0.01925  +0.158   +0.0013   +0.3958                   
 24  118   27-Apr-24  37  -0.01909  +0.321   +0.0015   +0.3981                   
 24  119   28-Apr-24  37  -0.01877  +0.384   +0.0017   +0.4004                   
 24  120   29-Apr-24  37  -0.01838  +0.348   +0.0022   +0.4020                   
 24  121   30-Apr-24  37  -0.01803  +0.231   +0.0030   +0.4034                   
 24  122   01-May-24  37  -0.01780  +0.016   +0.0040   +0.4048                   
 24  123   02-May-24  37  -0.01779  -0.271   +0.0056   +0.4064                   
 24  124   03-May-24  37  -0.01806  -0.591   +0.0071   +0.4082                   
 24  125   04-May-24  37  -0.01865  -0.812   +0.0092   +0.4101                   
 24  126   05-May-24  37  -0.01946  -0.890   +0.0108   +0.4121                   
 24  127   06-May-24  37  -0.02035  -0.746   +0.0117   +0.4138                   
 24  128   07-May-24  37  -0.02110  -0.429   +0.0121   +0.4153                   
 24  129   08-May-24  37  -0.02153  -0.082   +0.0123   +0.4163                   
 24  130   09-May-24  37  -0.02161  +0.222   +0.0126   +0.4174                   
 24  131   10-May-24  37  -0.02139  +0.394   +0.0130   +0.4187                   
 24  132   11-May-24  37  -0.02099  +0.418   +0.0136   +0.4203                   
 24  133   12-May-24  37  -0.02057  +0.356   +0.0142   +0.4219                   
 24  134   13-May-24  37  -0.02022  +0.223   +0.0146   +0.4233                   
 24  135   14-May-24  37  -0.02000  +0.071   +0.0152   +0.4247                   
 24  136   15-May-24  37  -0.01992  -0.046   +0.0158   +0.4260                   
 24  137   16-May-24  37  -0.01997  -0.145   +0.0166   +0.4266                   
 24  138   17-May-24  37  -0.02012  -0.209   +0.0177   +0.4279                   
 24  139   18-May-24  37  -0.02032  -0.266   +0.0187   +0.4291                   
 24  140   19-May-24  37  -0.02059  -0.322   +0.0201   +0.4301                   
 24  141   20-May-24  37  -0.02091  -0.273   +0.0218   +0.4312                   
 24  142   21-May-24  37  -0.02119  -0.154   +0.0233   +0.4326                   
 24  143   22-May-24  37  -0.02134  +0.025   +0.0247   +0.4341                   
 24  144   23-May-24  37  -0.02131  +0.229   +0.0261   +0.4357                   
 24  145   24-May-24  37  -0.02109  +0.401   +0.0268   +0.4375                   
 24  146   25-May-24  37  -0.02069  +0.481   +0.0269   +0.4390                   
 24  147   26-May-24  37  -0.02020  +0.461   +0.0272   +0.4404                   
 24  148   27-May-24  37  -0.01974  +0.325   +0.0282   +0.4418                   
 24  149   28-May-24  37  -0.01942  +0.091   +0.0295   +0.4439                   
 24  150   29-May-24  37  -0.01933  -0.152   +0.0308   +0.4457                   
 24  151   30-May-24  37  -0.01948  -0.384   +0.0321   +0.4477                   
 24  152   31-May-24  37  -0.01986  -0.571   +0.0331   +0.4492                   
 24  153   01-Jun-24  37  -0.02043  -0.605   +0.0339   +0.4507                   
 24  154   02-Jun-24  37  -0.02104  -0.515   +0.0348   +0.4524                   
 24  155   03-Jun-24  37  -0.02156  -0.327   +0.0354   +0.4544                   
 24  156   04-Jun-24  37  -0.02188  -0.048   +0.0359   +0.4563                   
 24  157   05-Jun-24  37  -0.02193  +0.297   +0.0367   +0.4578                   
 24  158   06-Jun-24  37  -0.02163  +0.593   +0.0375   +0.4591                   
 24  159   07-Jun-24  37  -0.02104  +0.730   +0.0386   +0.4604                   
 24  160   08-Jun-24  37  -0.02031  +0.751   +0.0400   +0.4616                   
 24  161   09-Jun-24  37  -0.01956  +0.713   +0.0420   +0.4630                   
 24  162   10-Jun-24  37  -0.01885  +0.608   +0.0439   +0.4644                   
 24  163   11-Jun-24  37  -0.01824  +0.488   +0.0458   +0.4652                   
 24  164   12-Jun-24  37  -0.01775  +0.402   +0.0478   +0.4660                   
 24  165   13-Jun-24  37  -0.01735  +0.386   +0.0500   +0.4667                   
 24  166   14-Jun-24  37  -0.01696  +0.369   +0.0518   +0.4677                   
 24  167   15-Jun-24  37  -0.01659  +0.440   +0.0536   +0.4690                   
 24  168   16-Jun-24  37  -0.01615  +0.562   +0.0553   +0.4701                   
 24  169   17-Jun-24  37  -0.01559  +0.614   +0.0572   +0.4710                   
 24  170   18-Jun-24  37  -0.01498  +0.921   +0.0588   +0.4720                   
 24  171   19-Jun-24  37  -0.01406  +1.145   +0.0607   +0.4726                   
 24  172   20-Jun-24  37  -0.01291  +1.261   +0.0629   +0.4732                   
 24  173   21-Jun-24  37  -0.01165  +1.338   +0.0655   +0.4737                   
 24  174   22-Jun-24  37  -0.01031  +1.361   +0.0685   +0.4742                   
 24  175   23-Jun-24  37  -0.00895  +1.278   +0.0710   +0.4750                   
 24  176   24-Jun-24  37  -0.00767  +1.069   +0.0734   +0.4755                   
 24  177   25-Jun-24  37  -0.00660  +0.792   +0.0753   +0.4763                   
 24  178   26-Jun-24  37  -0.00581  +0.525   +0.0774   +0.4768                   
 24  179   27-Jun-24  37  -0.00529  +0.327   +0.0801   +0.4773                   
 24  180   28-Jun-24  37  -0.00496  +0.246   +0.0825   +0.4779                   
 24  181   29-Jun-24  37  -0.00472  +0.308   +0.0851   +0.4782                   
 24  182   30-Jun-24  37  -0.00441  +0.546   +0.0880   +0.4788                   
 24  183   01-Jul-24  37  -0.00386  +0.839   +0.0908   +0.4790                   
 24  184   02-Jul-24  37  -0.00302  +1.131   +0.0936   +0.4788                   
 24  185   03-Jul-24  37  -0.00189  +1.398   +0.0965   +0.4790                   
 24  186   04-Jul-24  37  -0.00049  +1.601   +0.0994   +0.4784                   
 24  187   05-Jul-24  37  +0.00111  +1.645   +0.1021   +0.4782                   
 24  188   06-Jul-24  37  +0.00275  +1.564   +0.1044   +0.4781                   
 24  189   07-Jul-24  37  +0.00432  +1.429   +0.1066   +0.4782                   
 24  190   08-Jul-24  37  +0.00575  +1.259   +0.1082   +0.4781                   
 24  191   09-Jul-24  37  +0.00700  +1.079   +0.1098   +0.4777                   
 24  192   10-Jul-24  37  +0.00808  +0.945   +0.1116   +0.4772                   
 24  193   11-Jul-24  37  +0.00903  +0.853   +0.1138   +0.4769                   
 24  194   12-Jul-24  37  +0.00988  +0.757   +0.1161   +0.4770                   
 24  195   13-Jul-24  37  +0.01064  +0.686   +0.1184   +0.4775                   
 24  196   14-Jul-24  37  +0.01132  +0.738   +0.1209   +0.4783                   
 24  197   15-Jul-24  37  +0.01206  +0.838   +0.1229   +0.4790                   
 24  198   16-Jul-24  37  +0.01290  +0.974   +0.1253   +0.4796                   
 24  199   17-Jul-24  37  +0.01387  +1.109   +0.1279   +0.4797                   
 24  200   18-Jul-24  37  +0.01498  +1.230   +0.1305   +0.4794                   
 24  201   19-Jul-24  37  +0.01621  +1.275   +0.1328   +0.4793                   
 24  202   20-Jul-24  37  +0.01749  +1.204   +0.1350   +0.4793                   
 24  203   21-Jul-24  37  +0.01869  +1.017   +0.1374   +0.4793                   
 24  204   22-Jul-24  37  +0.01971  +0.739   +0.1401   +0.4790                   
 24  205   23-Jul-24  37  +0.02045  +0.441   +0.1428   +0.4789                   
 24  206   24-Jul-24  37  +0.02089  +0.212   +0.1456   +0.4792                   
 24  207   25-Jul-24  37  +0.02110  +0.090   +0.1484   +0.4795                   
 24  208   26-Jul-24  37  +0.02119  +0.115   +0.1509   +0.4796                   
 24  209   27-Jul-24  37  +0.02130  +0.309   +0.1529   +0.4796                   
 24  210   28-Jul-24  37  +0.02161  +0.586   +0.1542   +0.4794                   
 24  211   29-Jul-24  37  +0.02220  +0.830   +0.1558   +0.4787                   
 24  212   30-Jul-24  37  +0.02303  +1.034   +0.1574   +0.4782                   
 24  213   31-Jul-24  37  +0.02406  +1.220   +0.1594   +0.4776                   
 24  214   01-Aug-24  37  +0.02528  +1.315   +0.1613   +0.4773                   
 24  215   02-Aug-24  37  +0.02660  +1.313   +0.1636   +0.4767                   
 24  216   03-Aug-24  37  +0.02791  +1.249   +0.1666   +0.4762                   
 24  217   04-Aug-24  37  +0.02916  +1.111   +0.1687   +0.4762                   
 24  218   05-Aug-24  37  +0.03027  +0.952   +0.1703   +0.4758                   
 24  219   06-Aug-24  37  +0.03122  +0.817   +0.1720   +0.4752                   
 24  220   07-Aug-24  37  +0.03204  +0.701   +0.1737   +0.4741                   
 24  221   08-Aug-24  37  +0.03274  +0.640   +0.1755   +0.4729                   
 24  222   09-Aug-24  37  +0.03338  +0.667   +0.1777   +0.4718                   
 24  223   10-Aug-24  37  +0.03405  +0.779   +0.1801   +0.4707                   
 24  224   11-Aug-24  37  +0.03483  +0.930   +0.1824   +0.4697                   
 24  225   12-Aug-24  37  +0.03576  +1.061   +0.1841   +0.4690                   
 24  226   13-Aug-24  37  +0.03682  +1.201   +0.1858   +0.4678                   
 24  227   14-Aug-24  37  +0.03802  +1.329   +0.1877   +0.4669                   
 24  228   15-Aug-24  37  +0.03935  +1.376   +0.1893   +0.4658                   
 24  229   16-Aug-24  37  +0.04072  +1.314   +0.1909   +0.4648                   
 24  230   17-Aug-24  37  +0.04204  +1.120   +0.1926   +0.4637                   
 24  231   18-Aug-24  37  +0.04316  +0.831   +0.1945   +0.4630                   
 24  232   19-Aug-24  37  +0.04399  +0.468   +0.1961   +0.4625                   
 24  233   20-Aug-24  37  +0.04446  +0.145   +0.1971   +0.4615                   
 24  234   21-Aug-24  37  +0.04460  -0.059   +0.1985   +0.4603                   
 24  235   22-Aug-24  37  +0.04454  -0.073   +0.2000   +0.4592                   
 24  236   23-Aug-24  37  +0.04447  +0.129   +0.2014   +0.4582                   
 24  237   24-Aug-24  37  +0.04460  +0.398   +0.2026   +0.4572                   
 24  238   25-Aug-24  37  +0.04500  +0.664   +0.2034   +0.4562                   
 24  239   26-Aug-24  37  +0.04566  +0.927   +0.2046   +0.4550                   
 24  240   27-Aug-24  37  +0.04659  +1.098   +0.2056   +0.4538                   
 24  241   28-Aug-24  37  +0.04768  +1.160   +0.2062   +0.4524                   
 24  242   29-Aug-24  37  +0.04885  +1.147   +0.2068   +0.4510                   
 24  243   30-Aug-24  37  +0.04999  +1.025   +0.2075   +0.4498                   
 24  244   31-Aug-24  37  +0.05102  +0.833   +0.2082   +0.4487                   
 24  245   01-Sep-24  37  +0.05185  +0.623   +0.2083   +0.4474                   
 24  246   02-Sep-24  37  +0.05247  +0.468   +0.2088   +0.4455                   
 24  247   03-Sep-24  37  +0.05294  +0.371   +0.2096   +0.4439                   
 24  248   04-Sep-24  37  +0.05331  +0.297   +0.2104   +0.4428                   
 24  249   05-Sep-24  37  +0.05361  +0.238   +0.2114   +0.4419                   
 24  250   06-Sep-24  37  +0.05385  +0.245   +0.2124   +0.4409                   
 24  251   07-Sep-24  37  +0.05409  +0.363   +0.2135   +0.4399                   
 24  252   08-Sep-24  37  +0.05445  +0.526   +0.2141   +0.4387                   
 24  253   09-Sep-24  37  +0.05498  +0.670   +0.2147   +0.4372                   
 24  254   10-Sep-24  37  +0.05565  +0.789   +0.2153   +0.4357                   
 24  255   11-Sep-24  37  +0.05644  +0.856   +0.2159   +0.4341                   
 24  256   12-Sep-24  37  +0.05729  +0.823   +0.2163   +0.4326                   
 24  257   13-Sep-24  37  +0.05812  +0.692   +0.2174   +0.4308                   
 24  258   14-Sep-24  37  +0.05881  +0.469   +0.2189   +0.4294                   
 24  259   15-Sep-24  37  +0.05928  +0.129   +0.2201   +0.4279                   
 24  260   16-Sep-24  37  +0.05941  -0.241   +0.2209   +0.4268                   
 24  261   17-Sep-24  37  +0.05917  -0.548   +0.2216   +0.4256                   
 24  262   18-Sep-24  37  +0.05862  -0.699   +0.2218   +0.4243                   
 24  263   19-Sep-24  37  +0.05792  -0.620   +0.2215   +0.4230                   
 24  264   20-Sep-24  37  +0.05730  -0.390   +0.2215   +0.4217                   
 24  265   21-Sep-24  37  +0.05691  -0.125   +0.2222   +0.4208                   
 24  266   22-Sep-24  37  +0.05678  +0.162   +0.2232   +0.4202                   
 24  267   23-Sep-24  37  +0.05695  +0.372   +0.2239   +0.4194                   
 24  268   24-Sep-24  37  +0.05732  +0.474   +0.2245   +0.4187                   
 24  269   25-Sep-24  37  +0.05779  +0.472   +0.2248   +0.4176                   
 24  270   26-Sep-24  37  +0.05826  +0.400   +0.2250   +0.4164                   
 24  271   27-Sep-24  37  +0.05866  +0.255   +0.2250   +0.4150                   
 24  272   28-Sep-24  37  +0.05892  +0.139   +0.2254   +0.4137                   
 24  273   29-Sep-24  37  +0.05906  +0.031   +0.2253   +0.4121                   
 24  274   30-Sep-24  37  +0.05909  -0.060   +0.2256   +0.4098                   
 24  275   01-Oct-24  37  +0.05903  -0.057   +0.2261   +0.4079                   
 24  276   02-Oct-24  37  +0.05897  -0.093   +0.2265   +0.4062                   
 24  277   03-Oct-24  37  +0.05888  -0.102   +0.2265   +0.4049                   
 24  278   04-Oct-24  37  +0.05878  -0.040   +0.2266   +0.4038                   
 24  279   05-Oct-24  37  +0.05874  +0.026   +0.2263   +0.4028                   
 24  280   06-Oct-24  37  +0.05876  +0.140   +0.2260   +0.4015                   
 24  281   07-Oct-24  37  +0.05890  +0.291   +0.2258   +0.4003                   
 24  282   08-Oct-24  37  +0.05919  +0.401   +0.2257   +0.3988                   
 24  283   09-Oct-24  37  +0.05959  +0.395   +0.2256   +0.3971                   
 24  284   10-Oct-24  37  +0.05999  +0.350   +0.2261   +0.3955                   
 24  285   11-Oct-24  37  +0.06034  +0.201   +0.2267   +0.3939                   
 24  286   12-Oct-24  37  +0.06054  -0.103   +0.2265   +0.3923                   
 24  287   13-Oct-24  37  +0.06044  -0.512   +0.2263   +0.3910                   
 24  288   14-Oct-24  37  +0.05992  -0.901   +0.2260   +0.3898                   
 24  289   15-Oct-24  37  +0.05902  -1.149   +0.2259   +0.3885                   
 24  290   16-Oct-24  37  +0.05787  -1.194   +0.2258   +0.3873                   
 24  291   17-Oct-24  37  +0.05668  -1.000   +0.2251   +0.3861                   
 24  292   18-Oct-24  37  +0.05568  -0.657   +0.2243   +0.3846                   
 24  293   19-Oct-24  37  +0.05502  -0.271   +0.2237   +0.3829                   
 24  294   20-Oct-24  37  +0.05475  +0.067   +0.2234   +0.3813                   
 24  295   21-Oct-24  37  +0.05482  +0.264   +0.2230   +0.3798                   
 24  296   22-Oct-24  37  +0.05508  +0.293   +0.2224   +0.3782                   
 24  297   23-Oct-24  37  +0.05537  +0.262   +0.2221   +0.3762                   
 24  298   24-Oct-24  37  +0.05564  +0.180   +0.2214   +0.3748                   
 24  299   25-Oct-24  37  +0.05582  +0.024   +0.2203   +0.3728                   
 24  300   26-Oct-24  37  +0.05584  -0.150   +0.2195   +0.3715                   
 24  301   27-Oct-24  37  +0.05569  -0.347   +0.2184   +0.3700                   
 24  302   28-Oct-24  37  +0.05534  -0.474   +0.2180   +0.3683                   
 24  303   29-Oct-24  37  +0.05487  -0.502   +0.2174   +0.3674                   
 24  304   30-Oct-24  37  +0.05437  -0.434   +0.2167   +0.3663                   
 24  305   31-Oct-24  37  +0.05393  -0.313   +0.2161   +0.3657                   
 24  306   01-Nov-24  37  +0.05362  -0.110   +0.2153   +0.3648                   
 24  307   02-Nov-24  37  +0.05351  +0.081   +0.2147   +0.3642                   
 24  308   03-Nov-24  37  +0.05359  +0.216   +0.2136   +0.3637                   
 24  309   04-Nov-24  37  +0.05381  +0.368   +0.2127   +0.3624                   
 24  310   05-Nov-24  37  +0.05418  +0.440   +0.2120   +0.3612                   
 24  311   06-Nov-24  37  +0.05462  +0.415   +0.2112   +0.3599                   
 24  312   07-Nov-24  37  +0.05503  +0.281   +0.2100   +0.3584                   
 24  313   08-Nov-24  37  +0.05531  +0.036   +0.2088   +0.3566                   
 24  314   09-Nov-24  37  +0.05535  -0.279   +0.2081   +0.3546                   
 24  315   10-Nov-24  37  +0.05507  -0.508   +0.2079   +0.3527                   
 24  316   11-Nov-24  37  +0.05456  -0.730   +0.2075   +0.3511                   
 24  317   12-Nov-24  37  +0.05383  -0.831   +0.2073   +0.3494                   
 24  318   13-Nov-24  37  +0.05300  -0.777   +0.2068   +0.3480                   
 24  319   14-Nov-24  37  +0.05222  -0.573   +0.2063   +0.3465                   
 24  320   15-Nov-24  37  +0.05165  -0.279   +0.2059   +0.3457                   
 24  321   16-Nov-24  37  +0.05137  +0.001   +0.2050   +0.3445                   
 24  322   17-Nov-24  37  +0.05137  +0.241   +0.2044   +0.3435                   
 24  323   18-Nov-24  37  +0.05161  +0.329   +0.2032   +0.3425                   
 24  324   19-Nov-24  37  +0.05194  +0.298   +0.2026   +0.3409                   
 24  325   20-Nov-24  37  +0.05224  +0.138   +0.2026   +0.3398                   
 24  326   21-Nov-24  37  +0.05238  -0.070   +0.2029   +0.3389                   
 24  327   22-Nov-24  37  +0.05231  -0.252   +0.2030   +0.3384                   
 24  328   23-Nov-24  37  +0.05205  -0.428   +0.2025   +0.3378                   
 24  329   24-Nov-24  37  +0.05163  -0.514   +0.2014   +0.3373                   
 24  330   25-Nov-24  37  +0.05111  -0.546   +0.1997   +0.3366                   
 24  331   26-Nov-24  37  +0.05057  -0.514   +0.1982   +0.3356                   
 24  332   27-Nov-24  37  +0.05005  -0.383   +0.1967   +0.3342                   
 24  333   28-Nov-24  37  +0.04967  -0.205   +0.1957   +0.3327                   
 24  334   29-Nov-24  37  +0.04947  -0.036   +0.1952   +0.3313                   
 24  335   30-Nov-24  37  +0.04943  +0.133   +0.1946   +0.3300                   
 24  336   01-Dec-24  37  +0.04956  +0.285   +0.1937   +0.3287                   
 24  337   02-Dec-24  37  +0.04985  +0.367   +0.1922   +0.3275                   
 24  338   03-Dec-24  37  +0.05021  +0.396   +0.1905   +0.3264                   
 24  339   04-Dec-24  37  +0.05061  +0.331   +0.1887   +0.3251                   
 24  340   05-Dec-24  37  +0.05094  +0.205   +0.1868   +0.3237                   
 24  341   06-Dec-24  37  +0.05115  -0.001   +0.1851   +0.3220                   
 24  342   07-Dec-24  37  +0.05115  -0.276   +0.1835   +0.3203                   
 24  343   08-Dec-24  37  +0.05087  -0.518   +0.1819   +0.3187                   
 24  344   09-Dec-24  37  +0.05035  -0.661   +0.1802   +0.3174                   
 24  345   10-Dec-24  37  +0.04969  -0.693   +0.1787   +0.3161                   
 24  346   11-Dec-24  37  +0.04900  -0.567   +0.1775   +0.3151                   
 24  347   12-Dec-24  37  +0.04843  -0.353   +0.1766   +0.3145                   
 24  348   13-Dec-24  37  +0.04808  -0.086   +0.1754   +0.3140                   
 24  349   14-Dec-24  37  +0.04799  +0.135   +0.1739   +0.3133                   
 24  350   15-Dec-24  37  +0.04813  +0.277   +0.1722   +0.3122                   
 24  351   16-Dec-24  37  +0.04840  +0.289   +0.1704   +0.3115                   
 24  352   17-Dec-24  37  +0.04869  +0.161   +0.1686   +0.3107                   
 24  353   18-Dec-24  37  +0.04885  -0.057   +0.1669   +0.3102                   
 24  354   19-Dec-24  37  +0.04880  -0.281   +0.1659   +0.3096                   
 24  355   20-Dec-24  37  +0.04851  -0.448   +0.1648   +0.3097                   
 24  356   21-Dec-24  37  +0.04807  -0.558   +0.1636   +0.3098                   
 24  357   22-Dec-24  37  +0.04751  -0.614   +0.1624   +0.3098                   
 24  358   23-Dec-24  37  +0.04690  -0.569   +0.1612   +0.3099                   
 24  359   24-Dec-24  37  +0.04633  -0.474   +0.1597   +0.3101                   
 24  360   25-Dec-24  37  +0.04585  -0.352   +0.1570   +0.3098                   
 24  361   26-Dec-24  37  +0.04550  -0.188   +0.1540   +0.3089                   
 24  362   27-Dec-24  37  +0.04531  -0.020   +0.1512   +0.3080                   
 24  363   28-Dec-24  37  +0.04529  +0.160   +0.1490   +0.3070                   
 24  364   29-Dec-24  37  +0.04545  +0.264   +0.1476   +0.3063                   
 24  365   30-Dec-24  37  +0.04572  +0.310   +0.1464   +0.3058                   
 24  366   31-Dec-24  37  +0.04603  +0.296   +0.1451   +0.3054                   
 25  001   01-Jan-25  37  +0.04632  +0.150   +0.1441   +0.3051                   
 25  002   02-Jan-25  37  +0.04647  -0.131   +0.1429   +0.3050                   
 25  003   03-Jan-25  37  +0.04634  -0.418   +0.1423   +0.3049                   
 25  004   04-Jan-25  37  +0.04592  -0.655   +0.1414   +0.3054                   
 25  005   05-Jan-25  37  +0.04527  -0.818   +0.1403   +0.3053                   
 25  006   06-Jan-25  37  +0.04445  -0.819   +0.1396   +0.3053                   
 25  007   07-Jan-25  37  +0.04363  -0.679   +0.1386   +0.3056                   
 25  008   08-Jan-25  37  +0.04295  -0.405   +0.1370   +0.3055                   
 25  009   09-Jan-25  37  +0.04255  -0.071   +0.1352   +0.3054                   
 25  010   10-Jan-25  37  +0.04248  +0.193   +0.1332   +0.3053                   
 25  011   11-Jan-25  37  +0.04267  +0.381   +0.1308   +0.3050                   
 25  012   12-Jan-25  37  +0.04305  +0.496   +0.1289   +0.3047                   
 25  013   13-Jan-25  37  +0.04355  +0.465   +0.1269   +0.3041                   
 25  014   14-Jan-25  37  +0.04401  +0.371   +0.1245   +0.3033                   
 25  015   15-Jan-25  37  +0.04438  +0.195   +0.1227   +0.3028                   
 25  016   16-Jan-25  37  +0.04458  +0.031   +0.1217   +0.3025                   
 25  017   17-Jan-25  37  +0.04461  -0.099   +0.1207   +0.3025                   
 25  018   18-Jan-25  37  +0.04451  -0.153   +0.1200   +0.3023                   
 25  019   19-Jan-25  37  +0.04436  -0.150   +0.1201   +0.3026                   
 25  020   20-Jan-25  37  +0.04421  -0.085   +0.1206   +0.3031                   
 25  021   21-Jan-25  37  +0.04412  +0.047   +0.1211   +0.3036                   
 25  022   22-Jan-25  37  +0.04417  +0.222   +0.1207   +0.3041                   
 25  023   23-Jan-25  37  +0.04439  +0.446   +0.1198   +0.3043                   
 25  024   24-Jan-25  37  +0.04483  +0.646   +0.1183   +0.3047                   
 25  025   25-Jan-25  37  +0.04548  +0.733   +0.1160   +0.3051                   
 25  026   26-Jan-25  37  +0.04621  +0.733   +0.1138   +0.3056                   
 25  027   27-Jan-25  37  +0.04695  +0.613   +0.1118   +0.3061                   
 25  028   28-Jan-25  37  +0.04756  +0.384   +0.1098   +0.3064                   
 25  029   29-Jan-25  37  +0.04794  +0.134   +0.1080   +0.3070                   
 25  030   30-Jan-25  37  +0.04808  -0.169   +0.1066   +0.3076                   
 25  031   31-Jan-25  37  +0.04791  -0.455   +0.1055   +0.3082                   
 25  032   01-Feb-25  37  +0.04745  -0.601   +0.1039   +0.3088                   
 25  033   02-Feb-25  37  +0.04685  -0.612   +0.1018   +0.3088                   
 25  034   03-Feb-25  37  +0.04624  -0.516   +0.0997   +0.3092                   
 25  035   04-Feb-25  37  +0.04572  -0.281   +0.0973   +0.3095                   
 25  036   05-Feb-25  37  +0.04544  +0.027   +0.0951   +0.3098                   
 25  037   06-Feb-25  37  +0.04547  +0.289   +0.0924   +0.3099                   
 25  038   07-Feb-25  37  +0.04576  +0.435   +0.0898   +0.3101                   
 25  039   08-Feb-25  37  +0.04619  +0.447   +0.0871   +0.3104                   
 25  040   09-Feb-25  37  +0.04664  +0.352   +0.0852   +0.3104                   
 25  041   10-Feb-25  37  +0.04699  +0.202   +0.0845   +0.3109                   
 25  042   11-Feb-25  37  +0.04720  +0.026   +0.0838   +0.3117                   
 25  043   12-Feb-25  37  +0.04722  -0.150   +0.0832   +0.3123                   
 25  044   13-Feb-25  37  +0.04707  -0.322   +0.0828   +0.3130                   
 25  045   14-Feb-25  37  +0.04675  -0.434   +0.0826   +0.3140                   
 25  046   15-Feb-25  37  +0.04631  -0.395   +0.0824   +0.3149                   
 25  047   16-Feb-25  37  +0.04592  -0.303   +0.0817   +0.3157                   
 25  048   17-Feb-25  37  +0.04562  -0.172   +0.0811   +0.3170                   
 25  049   18-Feb-25  37  +0.04544  +0.016   +0.0798   +0.3181                   
 25  050   19-Feb-25  37  +0.04546  +0.174   +0.0786   +0.3188                   
 25  051   20-Feb-25  37  +0.04563  +0.278   +0.0772   +0.3195                   
 25  052   21-Feb-25  37  +0.04591  +0.402   +0.0756   +0.3204                   
 25  053   22-Feb-25  37  +0.04631  +0.465   +0.0743   +0.3214                   
 25  054   23-Feb-25  37  +0.04678  +0.400   +0.0727   +0.3218                   
 25  055   24-Feb-25  37  +0.04718  +0.236   +0.0715   +0.3222                   
 25  056   25-Feb-25  37  +0.04742  -0.008   +0.0704   +0.3230                   
 25  057   26-Feb-25  37  +0.04741  -0.299   +0.0699   +0.3234                   
 25  058   27-Feb-25  37  +0.04711  -0.626   +0.0703   +0.3242                   
 25  059   28-Feb-25  37  +0.04648  -0.835   +0.0704   +0.3250                   
 25  061   01-Mar-25  37  +0.04565  -0.896   +0.0703   +0.3260                   
 25  062   02-Mar-25  37  +0.04475  -0.831   +0.0696   +0.3274                   
 25  063   03-Mar-25  37  +0.04392  -0.575   +0.0689   +0.3284                   
 25  064   04-Mar-25  37  +0.04335  -0.227   +0.0685   +0.3297                   
 25  065   05-Mar-25  37  +0.04312  +0.044   +0.0678   +0.3312                   
 25  066   06-Mar-25  37  +0.04316  +0.219   +0.0670   +0.3327                   
 25  067   07-Mar-25  37  +0.04338  +0.315   +0.0661   +0.3341                   
 25  068   08-Mar-25  37  +0.04370  +0.346   +0.0654   +0.3355                   
 25  069   09-Mar-25  37  +0.04404  +0.220   +0.0649   +0.3368                   
 25  070   10-Mar-25  37  +0.04426  +0.058   +0.0646   +0.3384                   
 25  071   11-Mar-25  37  +0.04432  -0.129   +0.0644   +0.3403                   
 25  072   12-Mar-25  37  +0.04419  -0.314   +0.0636   +0.3424                   
 25  073   13-Mar-25  37  +0.04388  -0.463   +0.0632   +0.3444                   
 25  074   14-Mar-25  37  +0.04341  -0.529   +0.0623   +0.3468                   
 25  075   15-Mar-25  37  +0.04289  -0.510   +0.0612   +0.3484                   
 25  076   16-Mar-25  37  +0.04238  -0.403   +0.0605   +0.3503                   
 25  077   17-Mar-25  37  +0.04197  -0.271   +0.0604   +0.3521                   
 25  078   18-Mar-25  37  +0.04170  -0.148   +0.0604   +0.3538                   
 25  079   19-Mar-25  37  +0.04155  -0.001   +0.0604   +0.3554                   
 25  080   20-Mar-25  37  +0.04155  +0.107   +0.0601   +0.3572                   
 25  081   21-Mar-25  37  +0.04166  +0.196   +0.0594   +0.3588                   
 25  082   22-Mar-25  37  +0.04186  +0.238   +0.0587   +0.3600                   
 25  083   23-Mar-25  37  +0.04209  +0.153   +0.0577   +0.3617                   
 25  084   24-Mar-25  37  +0.04225  -0.036   +0.0573   +0.3628                   
 25  085   25-Mar-25  37  +0.04221  -0.273   +0.0577   +0.3640                   
 25  086   26-Mar-25  37  +0.04194  -0.564   +0.0579   +0.3656                   
 25  087   27-Mar-25  37  +0.04137  -0.859   +0.0580   +0.3673                   
 25  088   28-Mar-25  37  +0.04052  -1.074   +0.0580   +0.3693                   
 25  089   29-Mar-25  37  +0.03944  -1.080   +0.0579   +0.3710                   
 25  090   30-Mar-25  37  +0.03836  -0.867   +0.0582   +0.3727                   
 25  091   31-Mar-25  37  +0.03749  -0.562   +0.0585   +0.3745                   
 25  092   01-Apr-25  37  +0.03693  -0.220   +0.0583   +0.3763                   
 25  093   02-Apr-25  37  +0.03671  +0.082   +0.0584   +0.3776                   
 25  094   03-Apr-25  37  +0.03679  +0.251   +0.0590   +0.3790                   
 25  095   04-Apr-25  37  +0.03704  +0.238   +0.0597   +0.3810                   
 25  096   05-Apr-25  37  +0.03728  +0.082   +0.0609   +0.3829                   
 25  097   06-Apr-25  37  +0.03736  -0.112   +0.0623   +0.3845                   
 25  098   07-Apr-25  37  +0.03725  -0.295   +0.0632   +0.3863                   
 25  099   08-Apr-25  37  +0.03696  -0.497   +0.0637   +0.3879                   
 25  100   09-Apr-25  37  +0.03646  -0.615   +0.0647   +0.3890                   
 25  101   10-Apr-25  37  +0.03585  -0.651   +0.0658   +0.3903                   
 25  102   11-Apr-25  37  +0.03520  -0.638   +0.0668   +0.3920                   
 25  103   12-Apr-25  37  +0.03456  -0.564   +0.0674   +0.3939                   
 25  104   13-Apr-25  37  +0.03399  -0.426   +0.0679   +0.3953                   
 25  105   14-Apr-25  37  +0.03357  -0.233   +0.0687   +0.3964                   
 25  106   15-Apr-25  37  +0.03333  -0.043   +0.0691   +0.3974                   
 25  107   16-Apr-25  37  +0.03329  +0.154   +0.0698   +0.3984                   
 25  108   17-Apr-25  37  +0.03345  +0.279   +0.0704   +0.3995                   
 25  109   18-Apr-25  37  +0.03372  +0.288   +0.0712   +0.4006                   
 25  110   19-Apr-25  37  +0.03401  +0.257   +0.0722   +0.4022                   
 25  111   20-Apr-25  37  +0.03427  +0.151   +0.0730   +0.4040                   
 25  112   21-Apr-25  37  +0.03442  -0.061   +0.0745   +0.4054                   
 25  113   22-Apr-25  37  +0.03436  -0.308   +0.0760   +0.4065                   
 25  114   23-Apr-25  37  +0.03405  -0.581   +0.0772   +0.4074                   
 25  115   24-Apr-25  37  +0.03347  -0.845   +0.0787   +0.4085                   
 25  116   25-Apr-25  37  +0.03263  -0.983   +0.0803   +0.4100                   
 25  117   26-Apr-25  37  +0.03164  -0.914   +0.0816   +0.4115                   
 25  118   27-Apr-25  37  +0.03073  -0.687   +0.0827   +0.4131                   
 25  119   28-Apr-25  37  +0.03004  -0.390   +0.0834   +0.4142                   
 25  120   29-Apr-25  37  +0.02965  -0.057   +0.0841   +0.4151                   
 25  121   30-Apr-25  37  +0.02960  +0.180   +0.0847   +0.4161                   
 25  122   01-May-25  37  +0.02978  +0.290   +0.0855   +0.4169                   
 25  123   02-May-25  37  +0.03007  +0.241   +0.0865   +0.4180                   
 25  124   03-May-25  37  +0.03031  +0.083   +0.0873   +0.4191                   
 25  125   04-May-25  37  +0.03039  -0.075   +0.0882   +0.4202                   
 25  126   05-May-25  37  +0.03031  -0.255   +0.0889   +0.4212                   
 25  127   06-May-25  37  +0.03006  -0.355   +0.0898   +0.4221                   
 25  128   07-May-25  37  +0.02970  -0.385   +0.0907   +0.4232                   
 25  129   08-May-25  37  +0.02932  -0.335   +0.0915   +0.4238                   
 25  130   09-May-25  37  +0.02898  -0.244   +0.0925   +0.4244                   
 25  131   10-May-25  37  +0.02874  -0.185   +0.0939   +0.4247                   
 25  132   11-May-25  37  +0.02855  -0.063   +0.0955   +0.4251                   
 25  133   12-May-25  37  +0.02849  +0.082   +0.0970   +0.4259                   
 25  134   13-May-25  37  +0.02857  +0.227   +0.0980   +0.4268                   
 25  135   14-May-25  37  +0.02880  +0.355   +0.0990   +0.4277                   
 25  136   15-May-25  37  +0.02915  +0.424   +0.1001   +0.4288                   
 25  137   16-May-25  37  +0.02958  +0.415   +0.1008   +0.4299                   
 25  138   17-May-25  37  +0.02999  +0.348   +0.1012   +0.4309                   
 25  139   18-May-25  37  +0.03034  +0.221   +0.1016   +0.4316                   
 25  140   19-May-25  37  +0.03056  +0.051   +0.1027   +0.4318                   
 25  141   20-May-25  37  +0.03061  -0.194   +0.1040   +0.4321                   
 25  142   21-May-25  37  +0.03042  -0.441   +0.1052   +0.4328                   
 25  143   22-May-25  37  +0.02998  -0.667   +0.1063   +0.4338                   
 25  144   23-May-25  37  +0.02931  -0.751   +0.1073   +0.4346                   
 25  145   24-May-25  37  +0.02856  -0.654   +0.1081   +0.4356                   
 25  146   25-May-25  37  +0.02791  -0.427   +0.1086   +0.4365                   
 25  147   26-May-25  37  +0.02748  -0.033   +0.1096   +0.4368                   
 25  148   27-May-25  37  +0.02744  +0.278   +0.1106   +0.4373                   
 25  149   28-May-25  37  +0.02772  +0.403   +0.1114   +0.4375                   
 25  150   29-May-25  37  +0.02813  +0.381   +0.1116   +0.4380                   
 25  151   30-May-25  37  +0.02851  +0.306   +0.1120   +0.4375                   
 25  152   31-May-25  37  +0.02881  +0.179   +0.1127   +0.4374                   
 25  153   01-Jun-25  37  +0.02899  +0.034   +0.1132   +0.4377                   
 25  154   02-Jun-25  37  +0.02903  -0.065   +0.1141   +0.4380                   
 25  155   03-Jun-25  37  +0.02896  -0.115   +0.1154   +0.4384                   
 25  156   04-Jun-25  37  +0.02885  -0.102   +0.1172   +0.4390                   
 25  157   05-Jun-25  37  +0.02874  -0.061   +0.1187   +0.4399                   
 25  158   06-Jun-25  37  +0.02868  +0.022   +0.1202   +0.4403                   
 25  159   07-Jun-25  37  +0.02871  +0.206   +0.1217   +0.4408                   
 25  160   08-Jun-25  37  +0.02891  +0.450   +0.1232   +0.4410                   
 25  161   09-Jun-25  37  +0.02936  +0.675   +0.1248   +0.4415                   
 25  162   10-Jun-25  37  +0.03004  +0.825   +0.1262   +0.4420                   
 25  163   11-Jun-25  37  +0.03086  +0.918   +0.1276   +0.4425                   
 25  164   12-Jun-25  37  +0.03178  +0.954   +0.1291   +0.4428                   
 25  165   13-Jun-25  37  +0.03273  +0.871   +0.1307   +0.4428                   
 25  166   14-Jun-25  37  +0.03360  +0.697   +0.1325   +0.4426                   
 25  167   15-Jun-25  37  +0.03430  +0.494   +0.1347   +0.4424                   
 25  168   16-Jun-25  37  +0.03479  +0.271   +0.1370   +0.4426                   
 25  169   17-Jun-25  37  +0.03506  +0.058   +0.1389   +0.4427                   
 25  170   18-Jun-25  37  +0.03512  -0.083   +0.1406   +0.4429                   
 25  171   19-Jun-25  37  +0.03504  -0.122   +0.1420   +0.4431                   
 25  172   20-Jun-25  37  +0.03492  -0.027   +0.1436   +0.4427                   
 25  173   21-Jun-25  37  +0.03489  +0.261   +0.1452   +0.4426                   
 25  174   22-Jun-25  37  +0.03515  +0.678   +0.1468   +0.4423                   
 25  175   23-Jun-25  37  +0.03583  +0.987   +0.1486   +0.4420                   
 25  176   24-Jun-25  37  +0.03682  +1.148   +0.1502   +0.4416                   
 25  177   25-Jun-25  37  +0.03797  +1.219   +0.1518   +0.4411                   
 25  178   26-Jun-25  37  +0.03919  +1.182   +0.1533   +0.4407                   
 25  179   27-Jun-25  37  +0.04037  +1.019   +0.1548   +0.4404                   
 25  180   28-Jun-25  37  +0.04139  +0.833   +0.1564   +0.4401                   
 25  181   29-Jun-25  37  +0.04222  +0.653   +0.1585   +0.4400                   
 25  182   30-Jun-25  37  +0.04287  +0.552   +0.1603   +0.4401                   
 25  183   01-Jul-25  37  +0.04342  +0.463   +0.1621   +0.4398                   
 25  184   02-Jul-25  37  +0.04389  +0.473   +0.1637   +0.4397                   
 25  185   03-Jul-25  37  +0.04436  +0.572   +0.1651   +0.4392                   
 25  186   04-Jul-25  37  +0.04493  +0.732   +0.1668   +0.4390                   
 25  187   05-Jul-25  37  +0.04566  +0.947   +0.1678   +0.4387                   
 25  188   06-Jul-25  37  +0.04661  +1.168   +0.1693   +0.4379                   
 25  189   07-Jul-25  37  +0.04778  +1.300   +0.1712   +0.4378                   
 25  190   08-Jul-25  37  +0.04908  +1.355   +0.1734   +0.4381                   
 25  191   09-Jul-25  37  +0.05043  +1.358   +0.1754   +0.4383                   
 25  192   10-Jul-25  37  +0.05179  +1.288   +0.1765   +0.4380                   
 25  193   11-Jul-25  37  +0.05308  +1.123   +0.1777   +0.4374                   
 25  194   12-Jul-25  37  +0.05420  +0.841   +0.1786   +0.4371                   
 25  195   13-Jul-25  37  +0.05504  +0.496   +0.1799   +0.4365                   
 25  196   14-Jul-25  37  +0.05554  +0.247   +0.1818   +0.4362                   
 25  197   15-Jul-25  37  +0.05579  +0.104   +0.1841   +0.4358                   
 25  198   16-Jul-25  37  +0.05589  +0.069   +0.1868   +0.4355                   
 25  199   17-Jul-25  37  +0.05596  +0.132   +0.1888   +0.4354                   
 25  200   18-Jul-25  37  +0.05609  +0.278   +0.1907   +0.4351                   
 25  201   19-Jul-25  37  +0.05637  +0.466   +0.1920   +0.4348                   
 25  202   20-Jul-25  37  +0.05684  +0.678   +0.1929   +0.4340                   
 25  203   21-Jul-25  37  +0.05751  +0.861   +0.1939   +0.4336                   
 25  204   22-Jul-25  37  +0.05837  +0.901   +0.1949   +0.4332                   
 25  205   23-Jul-25  37  +0.05928  +0.779   +0.1960   +0.4330                   
 25  206   24-Jul-25  37  +0.06005  +0.602   +0.1972   +0.4326                   
 25  207   25-Jul-25  37  +0.06066  +0.410   +0.1985   +0.4323                   
 25  208   26-Jul-25  37  +0.06107  +0.236   +0.1997   +0.4317                   
 25  209   27-Jul-25  37  +0.06130  +0.122   +0.2006   +0.4309                   
 25  210   28-Jul-25  37  +0.06143  +0.047   +0.2020   +0.4303                   
 25  211   29-Jul-25  37  +0.06147  +0.070   +0.2040   +0.4298                   
 25  212   30-Jul-25  37  +0.06154  +0.206   +0.2062   +0.4290                   
 25  213   31-Jul-25  37  +0.06175  +0.400   +0.2082   +0.4280                   
 25  214   01-Aug-25  37  +0.06215  +0.635   +0.2102   +0.4272                   
 25  215   02-Aug-25  37  +0.06278  +0.896   +0.2118   +0.4263                   
 25  216   03-Aug-25  37  +0.06368  +1.115   +0.2131   +0.4250                   
 25  217   04-Aug-25  37  +0.06480  +1.254   +0.2137   +0.4238                   
 25  218   05-Aug-25  37  +0.06605  +1.324   +0.2140   +0.4227                   
 25  219   06-Aug-25  37  +0.06737  +1.286   +0.2144   +0.4215                   
 25  220   07-Aug-25  37  +0.06866  +1.167   +0.2149   +0.4204                   
 25  221   08-Aug-25  37  +0.06983  +0.943   +0.2152   +0.4190                   
 25  222   09-Aug-25  37  +0.07077  +0.674   +0.2156   +0.4177                   
 25  223   10-Aug-25  37  +0.07144  +0.391   +0.2162   +0.4164                   
 25  224   11-Aug-25  37  +0.07183  +0.170   +0.2173   +0.4151                   
 25  225   12-Aug-25  37  +0.07200  +0.065   +0.2184   +0.4141                   
 25  226   13-Aug-25  37  +0.07207  +0.088   +0.2187   +0.4131                   
 25  227   14-Aug-25  37  +0.07216  +0.232   +0.2190   +0.4122                   
 25  228   15-Aug-25  37  +0.07239  +0.472   +0.2196   +0.4111                   
 25  229   16-Aug-25  37  +0.07286  +0.752   +0.2206   +0.4100                   
 25  230   17-Aug-25  37  +0.07361  +0.948   +0.2214   +0.4090                   
 25  231   18-Aug-25  37  +0.07456  +1.080   +0.2223   +0.4075                   
 25  232   19-Aug-25  37  +0.07564  +1.129   +0.2233   +0.4061                   
 25  233   20-Aug-25  37  +0.07677  +1.009   +0.2245   +0.4044                   
 25  234   21-Aug-25  37  +0.07778  +0.847   +0.2259   +0.4031                   
 25  235   22-Aug-25  37  +0.07863  +0.707   +0.2269   +0.4019                   
 25  236   23-Aug-25  37  +0.07933  +0.556   +0.2279   +0.4003                   
 25  237   24-Aug-25  37  +0.07989  +0.435   +0.2292   +0.3990                   
 25  238   25-Aug-25  37  +0.08032  +0.367   +0.2301   +0.3976                   
 25  239   26-Aug-25  37  +0.08069  +0.365   +0.2307   +0.3965                   
 25  240   27-Aug-25  37  +0.08106  +0.436   +0.2310   +0.3957                   
 25  241   28-Aug-25  37  +0.08149  +0.554   +0.2312   +0.3945                   
 25  242   29-Aug-25  37  +0.08205  +0.712   +0.2315   +0.3934                   
 25  243   30-Aug-25  37  +0.08276  +0.873   +0.2321   +0.3922                   
 25  244   31-Aug-25  37  +0.08363  +1.002   +0.2329   +0.3912                   
 25  245   01-Sep-25  37  +0.08463  +1.040   +0.2335   +0.3903                   
 25  246   02-Sep-25  37  +0.08567  +1.000   +0.2344   +0.3892                   
 25  247   03-Sep-25  37  +0.08667  +0.901   +0.2348   +0.3883                   
 25  248   04-Sep-25  37  +0.08758  +0.707   +0.2345   +0.3872                   
 25  249   05-Sep-25  37  +0.08828  +0.424   +0.2339   +0.3859                   
 25  250   06-Sep-25  37  +0.08871  +0.117   +0.2335   +0.3844                   
 25  251   07-Sep-25  37  +0.08882  -0.172   +0.2333   +0.3828                   
 25  252   08-Sep-25  37  +0.08865  -0.344   +0.2337   +0.3812                   
 25  253   09-Sep-25  37  +0.08831  -0.362   +0.2346   +0.3797                   
 25  254   10-Sep-25  37  +0.08795  -0.240   +0.2353   +0.3785                   
 25  255   11-Sep-25  37  +0.08771  -0.047   +0.2362   +0.3771                   
 25  256   12-Sep-25  37  +0.08766  +0.204   +0.2365   +0.3756                   
 25  257   13-Sep-25  37  +0.08786  +0.457   +0.2363   +0.3739                   
 25  258   14-Sep-25  37  +0.08832  +0.611   +0.2359   +0.3719                   
 25  259   15-Sep-25  37  +0.08893  +0.631   +0.2353   +0.3700                   
 25  260   16-Sep-25  37  +0.08956  +0.524   +0.2348   +0.3681                   
 25  261   17-Sep-25  37  +0.09008  +0.335   +0.2344   +0.3663                   
 25  262   18-Sep-25  37  +0.09042  +0.113   +0.2337   +0.3645                   
 25  263   19-Sep-25  37  +0.09053  -0.091   +0.2331   +0.3628                   
 25  264   20-Sep-25  37  +0.09044  -0.258   +0.2328   +0.3609                   
 25  265   21-Sep-25  37  +0.09018  -0.282   +0.2324   +0.3593                   
 25  266   22-Sep-25  37  +0.08990  -0.188   +0.2319   +0.3577                   
 25  267   23-Sep-25  37  +0.08971  -0.041   +0.2316   +0.3560                   
 25  268   24-Sep-25  37  +0.08967  +0.115   +0.2312   +0.3548                   
 25  269   25-Sep-25  37  +0.08979  +0.233   +0.2306   +0.3534                   
 25  270   26-Sep-25  37  +0.09002  +0.403   +0.2295   +0.3516                   
 25  271   27-Sep-25  37  +0.09042  +0.570   +0.2280   +0.3496                   
 25  272   28-Sep-25  37  +0.09099  +0.679   +0.2266   +0.3471                   
 25  273   29-Sep-25  37  +0.09167  +0.738   +0.2259   +0.3450                   
 25  274   30-Sep-25  37  +0.09241  +0.633   +0.2253   +0.3431                   
 25  275   01-Oct-25  37  +0.09304  +0.427   +0.2246   +0.3413                   
 25  276   02-Oct-25  37  +0.09347  +0.192   +0.2242   +0.3398                   
 25  277   03-Oct-25  37  +0.09366  -0.078   +0.2231   +0.3383                   
 25  278   04-Oct-25  37  +0.09358  -0.335   +0.2220   +0.3370                   
 25  279   05-Oct-25  37  +0.09325  -0.499   +0.2209   +0.3358                   
 25  280   06-Oct-25  37  +0.09275  -0.539   +0.2199   +0.3346                   
 25  281   07-Oct-25  37  +0.09221  -0.451   +0.2184   +0.3331                   
 25  282   08-Oct-25  37  +0.09176  -0.212   +0.2171   +0.3315                   
 25  283   09-Oct-25  37  +0.09155  +0.088   +0.2154   +0.3305                   
 25  284   10-Oct-25  37  +0.09164  +0.389   +0.2133   +0.3293                   
 25  285   11-Oct-25  37  +0.09202  +0.619   +0.2115   +0.3281                   
 25  286   12-Oct-25  37  +0.09264  +0.710   +0.2102   +0.3271                   
 25  287   13-Oct-25  37  +0.09335  +0.651   +0.2088   +0.3264                   
 25  288   14-Oct-25  37  +0.09401  +0.479   +0.2072   +0.3258                   
 25  289   15-Oct-25  37  +0.09448  +0.262   +0.2053   +0.3251                   
 25  290   16-Oct-25  37  +0.09475  +0.019   +0.2034   +0.3243                   
 25  291   17-Oct-25  37  +0.09477  -0.172   +0.2016   +0.3238                   
 25  292   18-Oct-25  37  +0.09459  -0.286   +0.1995   +0.3229                   
 25  293   19-Oct-25  37  +0.09431  -0.318   +0.1980   +0.3223                   
 25  294   20-Oct-25  37  +0.09399  -0.297   +0.1965   +0.3221                   
 25  295   21-Oct-25  37  +0.09369  -0.198   +0.1950   +0.3220                   
 25  296   22-Oct-25  37  +0.09349  -0.094   +0.1933   +0.3224                   
 25  297   23-Oct-25  37  +0.09340  -0.017   +0.1916   +0.3226                   
 25  298   24-Oct-25  37  +0.09338  +0.121   +0.1897   +0.3229                   
 25  299   25-Oct-25  37  +0.09350  +0.266   +0.1879   +0.3228                   
 25  300   26-Oct-25  37  +0.09377  +0.341   +0.1861   +0.3228                   
 25  301   27-Oct-25  37  +0.09411  +0.267   +0.1844   +0.3224                   
 25  302   28-Oct-25  37  +0.09438  +0.099   +0.1833   +0.3220                   
 25  303   29-Oct-25  37  +0.09448  -0.143   +0.1821   +0.3217                   
 25  304   30-Oct-25  37  +0.09433  -0.458   +0.1808   +0.3216                   
 25  305   31-Oct-25  37  +0.09387  -0.746   +0.1792   +0.3209                   
